#Layer_Color=9474304
#
#Feature symbol names
#
$0 r5
$1 r6.6666

#
#Feature attribute names
#

#
#Layer features
#
A -0.0015354 1.607063 -0.0015354 1.607063 -0.0215354 1.607063 1 P 0 N
A -0.0016535 1.4891732 -0.0016535 1.4891732 -0.0216535 1.4891732 1 P 0 N
A -0.0054724 1.6818661 -0.0054724 1.6818661 -0.0254724 1.6818661 1 P 0 N
A -0.0094094 0.4456457 -0.0094094 0.4456457 -0.0294094 0.4456457 1 P 0 N
A -0.0193701 0.6614173 -0.0193701 0.6614173 -0.0393701 0.6614173 1 P 0 N
A -0.0212205 0.7999764 -0.0212205 0.7999764 -0.0412205 0.7999764 1 P 0 N
A -0.0330315 0.5204488 -0.0330315 0.5204488 -0.0530315 0.5204488 1 P 0 N
A -0.0390551 0.2519685 -0.0390551 0.2519685 -0.0590551 0.2519685 1 P 0 N
A -0.0409055 1.4023386 -0.0409055 1.4023386 -0.0609055 1.4023386 1 P 0 N
A -0.0409055 3.0283228 -0.0409055 3.0283228 -0.0609055 3.0283228 1 P 0 N
A -0.0469291 0.2913386 -0.0469291 0.2913386 -0.0669291 0.2913386 1 P 0 N
A -0.0482123 0.3342123 -0.0482123 0.3342123 -0.0682123 0.3342123 1 P 0 N
A -0.0527165 0.3787165 -0.0527165 0.3787165 -0.0727165 0.3787165 1 P 0 N
A -0.059937 3.0111574 -0.059937 3.0111574 -0.079937 3.0111574 1 P 0 N
A -0.0645276 0.5204488 -0.0645276 0.5204488 -0.0845276 0.5204488 1 P 0 N
A -0.0684646 0.9023386 -0.0684646 0.9023386 -0.0884646 0.9023386 1 P 0 N
A -0.0693504 0.9429883 -0.0693504 0.9429883 -0.0893504 0.9429883 1 P 0 N
A -0.0744882 0.2007874 -0.0744882 0.2007874 -0.0944882 0.2007874 1 P 0 N
A -0.0744882 1.8464567 -0.0744882 1.8464567 -0.0944882 1.8464567 1 P 0 N
A -0.0881496 3.0243858 -0.0881496 3.0243858 -0.1081496 3.0243858 1 P 0 N
A -0.0932998 0.2891541 -0.0932998 0.2891541 -0.1132998 0.2891541 1 P 0 N
A -0.0940551 -0.0155145 -0.0940551 -0.0155145 -0.1140551 -0.0155145 1 P 0 N
A -0.1008299 0.24163 -0.1008299 0.24163 -0.1208299 0.24163 1 P 0 N
A -0.1078346 1.622811 -0.1078346 1.622811 -0.1278346 1.622811 1 P 0 N
A -0.1138583 0.5748031 -0.1138583 0.5748031 -0.1338583 0.5748031 1 P 0 N
A -0.1177953 0.6259843 -0.1177953 0.6259843 -0.1377953 0.6259843 1 P 0 N
A -0.1177953 0.8031496 -0.1177953 0.8031496 -0.1377953 0.8031496 1 P 0 N
A -0.1207278 2.2877782 -0.1207278 2.2877782 -0.1407278 2.2877782 1 P 0 N
A -0.1213557 2.5665525 -0.1213557 2.5665525 -0.1413557 2.5665525 1 P 0 N
A -0.1217323 2.7637795 -0.1217323 2.7637795 -0.1417323 2.7637795 1 P 0 N
A -0.1324761 2.8612756 -0.1324761 2.8612756 -0.1524761 2.8612756 1 P 0 N
A -0.1338582 2.897811 -0.1338582 2.897811 -0.1538582 2.897811 1 P 0 N
A -0.144029 0.9229829 -0.144029 0.9229829 -0.164029 0.9229829 1 P 0 N
A -0.1492913 1.3228346 -0.1492913 1.3228346 -0.1692913 1.3228346 1 P 0 N
A -0.1629528 3.0165118 -0.1629528 3.0165118 -0.1829528 3.0165118 1 P 0 N
A -0.1650394 2.3582677 -0.1650394 2.3582677 -0.1850394 2.3582677 1 P 0 N
A -0.1668898 2.6385591 -0.1668898 2.6385591 -0.1868898 2.6385591 1 P 0 N
A -0.1708268 1.8157244 -0.1708268 1.8157244 -0.1908268 1.8157244 1 P 0 N
A -0.1886614 0.9173228 -0.1886614 0.9173228 -0.2086614 0.9173228 1 P 0 N
A -0.1886614 1.1535433 -0.1886614 1.1535433 -0.2086614 1.1535433 1 P 0 N
A -0.1941291 2.2404538 -0.1941291 2.2404538 -0.2141291 2.2404538 1 P 0 N
A -0.1945669 2.3297244 -0.1945669 2.3297244 -0.2145669 2.3297244 1 P 0 N
A -0.2023228 0.8511575 -0.2023228 0.8511575 -0.2223228 0.8511575 1 P 0 N
A -0.2023228 2.9495827 -0.2023228 2.9495827 -0.2223228 2.9495827 1 P 0 N
A -0.2023228 3.1543071 -0.2023228 3.1543071 -0.2223228 3.1543071 1 P 0 N
A -0.2044094 2.6220472 -0.2044094 2.6220472 -0.2244094 2.6220472 1 P 0 N
A -0.2062598 2.9062756 -0.2062598 2.9062756 -0.2262598 2.9062756 1 P 0 N
A -0.2122835 1.007874 -0.2122835 1.007874 -0.2322835 1.007874 1 P 0 N
A -0.2122835 1.0590551 -0.2122835 1.0590551 -0.2322835 1.0590551 1 P 0 N
A -0.2158703 2.1692913 -0.2158703 2.1692913 -0.2358703 2.1692913 1 P 0 N
A -0.2162205 1.1102362 -0.2162205 1.1102362 -0.2362205 1.1102362 1 P 0 N
A -0.2180709 2.5007638 -0.2180709 2.5007638 -0.2380709 2.5007638 1 P 0 N
A -0.218189 1.6072835 -0.218189 1.6072835 -0.238189 1.6072835 1 P 0 N
A -0.218506 1.6701433 -0.218506 1.6701433 -0.238506 1.6701433 1 P 0 N
A -0.2280315 0.5826772 -0.2280315 0.5826772 -0.2480315 0.5826772 1 P 0 N
A -0.2286676 3.2043071 -0.2286676 3.2043071 -0.2486676 3.2043071 1 P 0 N
A -0.2298819 1.4062756 -0.2298819 1.4062756 -0.2498819 1.4062756 1 P 0 N
A -0.231063 3.0964331 -0.231063 3.0964331 -0.251063 3.0964331 1 P 0 N
A -0.2398425 3.0314961 -0.2398425 3.0314961 -0.2598425 3.0314961 1 P 0 N
A -0.2416929 2.8117874 -0.2416929 2.8117874 -0.2616929 2.8117874 1 P 0 N
A -0.2477165 0.980315 -0.2477165 0.980315 -0.2677165 0.980315 1 P 0 N
A -0.2477165 2.9094488 -0.2477165 2.9094488 -0.2677165 2.9094488 1 P 0 N
A -0.2516535 0.9173228 -0.2516535 0.9173228 -0.2716535 0.9173228 1 P 0 N
A -0.2590595 0.548861 -0.2590595 0.548861 -0.2790595 0.548861 1 P 0 N
A -0.2604631 1.6582441 -0.2604631 1.6582441 -0.2804631 1.6582441 1 P 0 N
A -0.2634646 0.7874016 -0.2634646 0.7874016 -0.2834646 0.7874016 1 P 0 N
A -0.2634646 0.8307087 -0.2634646 0.8307087 -0.2834646 0.8307087 1 P 0 N
A -0.269252 2.4417087 -0.269252 2.4417087 -0.289252 2.4417087 1 P 0 N
A -0.2713386 -0.0006661 -0.2713386 -0.0006661 -0.2913386 -0.0006661 1 P 0 N
A -0.2752756 1.4251969 -0.2752756 1.4251969 -0.2952756 1.4251969 1 P 0 N
A -0.2792126 1.1417323 -0.2792126 1.1417323 -0.2992126 1.1417323 1 P 0 N
A -0.2817716 2.7280378 -0.2817716 2.7280378 -0.3017716 2.7280378 1 P 0 N
A -0.2831496 0.3937008 -0.2831496 0.3937008 -0.3031496 0.3937008 1 P 0 N
A -0.2848424 2.5127323 -0.2848424 2.5127323 -0.3048424 2.5127323 1 P 0 N
A -0.2949606 -0.1023622 -0.2949606 -0.1023622 -0.3149606 -0.1023622 1 P 0 N
A -0.300748 0.3550945 -0.300748 0.3550945 -0.320748 0.3550945 1 P 0 N
A -0.3065451 3.0234208 -0.3065451 3.0234208 -0.3265451 3.0234208 1 P 0 N
A -0.3067717 1.1102362 -0.3067717 1.1102362 -0.3267717 1.1102362 1 P 0 N
A -0.3107087 2.4409449 -0.3107087 2.4409449 -0.3307087 2.4409449 1 P 0 N
A -0.3116929 -0.003937 -0.3116929 -0.003937 -0.3316929 -0.003937 1 P 0 N
A -0.3142691 0.9413215 -0.3142691 0.9413215 -0.3342691 0.9413215 1 P 0 N
A -0.3148424 2.7264716 -0.3148424 2.7264716 -0.3348424 2.7264716 1 P 0 N
A -0.3225197 1.4251969 -0.3225197 1.4251969 -0.3425197 1.4251969 1 P 0 N
A -0.325 0.111 -0.325 0.111 -0.345 0.111 1 P 0 N
A -0.325 0.141 -0.325 0.141 -0.345 0.141 1 P 0 N
A -0.325 0.171 -0.325 0.171 -0.345 0.171 1 P 0 N
A -0.325 0.201 -0.325 0.201 -0.345 0.201 1 P 0 N
A -0.325 0.231 -0.325 0.231 -0.345 0.231 1 P 0 N
A -0.325 0.261 -0.325 0.261 -0.345 0.261 1 P 0 N
A -0.325 0.2898317 -0.325 0.2898317 -0.345 0.2898317 1 P 0 N
A -0.325 0.3209736 -0.325 0.3209736 -0.345 0.3209736 1 P 0 N
A -0.3303937 1.0590551 -0.3303937 1.0590551 -0.3503937 1.0590551 1 P 0 N
A -0.3322441 2.5480079 -0.3322441 2.5480079 -0.3522441 2.5480079 1 P 0 N
A -0.3343307 0.980315 -0.3343307 0.980315 -0.3543307 0.980315 1 P 0 N
A -0.3343701 3.1503701 -0.3343701 3.1503701 -0.3543701 3.1503701 1 P 0 N
A -0.3382677 1.1614173 -0.3382677 1.1614173 -0.3582677 1.1614173 1 P 0 N
A -0.3409055 3.0281548 -0.3409055 3.0281548 -0.3609055 3.0281548 1 P 0 N
A -0.3422047 2.2952756 -0.3422047 2.2952756 -0.3622047 2.2952756 1 P 0 N
A 0.0034646 3.1527559 0.0034646 3.1527559 -0.0165354 3.1527559 1 P 0 N
A 0.004252 0.9330709 0.004252 0.9330709 -0.015748 0.9330709 1 P 0 N
A 0.010251 1.1220472 0.010251 1.1220472 -0.009749 1.1220472 1 P 0 N
A 0.012126 0.2401575 0.012126 0.2401575 -0.007874 0.2401575 1 P 0 N
A 0.031811 0.9645669 0.031811 0.9645669 0.011811 0.9645669 1 P 0 N
A 0.0327953 0.5659449 0.0327953 0.5659449 0.0127953 0.5659449 1 P 0 N
A 0.035748 3.1062992 0.035748 3.1062992 0.015748 3.1062992 1 P 0 N
A 0.0378781 0.3661417 0.0378781 0.3661417 0.0178781 0.3661417 1 P 0 N
A 0.039685 0.4251969 0.039685 0.4251969 0.019685 0.4251969 1 P 0 N
A 0.039685 0.4685039 0.039685 0.4685039 0.019685 0.4685039 1 P 0 N
A 0.0417717 3.3039134 0.0417717 3.3039134 0.0217717 3.3039134 1 P 0 N
A 0.043622 1.1456693 0.043622 1.1456693 0.023622 1.1456693 1 P 0 N
A 0.0496457 2.6818661 0.0496457 2.6818661 0.0296457 2.6818661 1 P 0 N
A 0.0502846 2.7622253 0.0502846 2.7622253 0.0302846 2.7622253 1 P 0 N
A 0.0514961 0.9251969 0.0514961 0.9251969 0.0314961 0.9251969 1 P 0 N
A 0.0633071 0.8307087 0.0633071 0.8307087 0.0433071 0.8307087 1 P 0 N
A 0.0672441 -0.0944882 0.0672441 -0.0944882 0.0472441 -0.0944882 1 P 0 N
A 0.0711811 3.1535433 0.0711811 3.1535433 0.0511811 3.1535433 1 P 0 N
A 0.0751181 1.0826772 0.0751181 1.0826772 0.0551181 1.0826772 1 P 0 N
A 0.0761024 1.4783465 0.0761024 1.4783465 0.0561024 1.4783465 1 P 0 N
A 0.0772047 3.0204488 0.0772047 3.0204488 0.0572047 3.0204488 1 P 0 N
A 0.0811417 1.130685 0.0811417 1.130685 0.0611417 1.130685 1 P 0 N
A 0.0869291 0.5659449 0.0869291 0.5659449 0.0669291 0.5659449 1 P 0 N
A 0.0869291 0.7165354 0.0869291 0.7165354 0.0669291 0.7165354 1 P 0 N
A 0.0888162 2.0547725 0.0888162 2.0547725 0.0688162 2.0547725 1 P 0 N
A 0.0908661 0.6102362 0.0908661 0.6102362 0.0708661 0.6102362 1 P 0 N
A 0.0948031 -0.0472441 0.0948031 -0.0472441 0.0748031 -0.0472441 1 P 0 N
A 0.0948031 0.7992126 0.0948031 0.7992126 0.0748031 0.7992126 1 P 0 N
A 0.0948031 0.8622047 0.0948031 0.8622047 0.0748031 0.8622047 1 P 0 N
A 0.0968898 2.9653307 0.0968898 2.9653307 0.0768898 2.9653307 1 P 0 N
A 0.1047637 3.0795039 0.1047637 3.0795039 0.0847637 3.0795039 1 P 0 N
A 0.1047638 1.1818661 0.1047638 1.1818661 0.0847638 1.1818661 1 P 0 N
A 0.1096096 1.0618799 0.1096096 1.0618799 0.0896096 1.0618799 1 P 0 N
A 0.11 3.331 0.11 3.331 0.09 3.331 1 P 0 N
A 0.1105512 0.988189 0.1105512 0.988189 0.0905512 0.988189 1 P 0 N
A 0.1165748 2.591315 0.1165748 2.591315 0.0965748 2.591315 1 P 0 N
A 0.1234646 1.2300944 0.1234646 1.2300944 0.1034646 1.2300944 1 P 0 N
A 0.1262992 0.5275591 0.1262992 0.5275591 0.1062992 0.5275591 1 P 0 N
A 0.1271686 2.9628445 0.1271686 2.9628445 0.1071686 2.9628445 1 P 0 N
A 0.1302362 0.8267717 0.1302362 0.8267717 0.1102362 0.8267717 1 P 0 N
A 0.1302362 1.6023622 0.1302362 1.6023622 0.1102362 1.6023622 1 P 0 N
A 0.1302362 1.644685 0.1302362 1.644685 0.1102362 1.644685 1 P 0 N
A 0.1323228 3.0795039 0.1323228 3.0795039 0.1123228 3.0795039 1 P 0 N
A 0.1362598 3.2606063 0.1362598 3.2606063 0.1162598 3.2606063 1 P 0 N
A 0.1499213 0.9436082 0.1499213 0.9436082 0.1299213 0.9436082 1 P 0 N
A 0.1499213 1.6811024 0.1499213 1.6811024 0.1299213 1.6811024 1 P 0 N
A 0.1520079 2.9298976 0.1520079 2.9298976 0.1320079 2.9298976 1 P 0 N
A 0.1559448 3.1700551 0.1559448 3.1700551 0.1359448 3.1700551 1 P 0 N
A 0.1559449 2.7684803 0.1559449 2.7684803 0.1359449 2.7684803 1 P 0 N
A 0.1577953 2.1614173 0.1577953 2.1614173 0.1377953 2.1614173 1 P 0 N
A 0.1577953 2.6102362 0.1577953 2.6102362 0.1377953 2.6102362 1 P 0 N
A 0.1617323 0.9055118 0.1617323 0.9055118 0.1417323 0.9055118 1 P 0 N
A 0.1656693 1.7185039 0.1656693 1.7185039 0.1456693 1.7185039 1 P 0 N
A 0.1656693 2.2401575 0.1656693 2.2401575 0.1456693 2.2401575 1 P 0 N
A 0.1696063 1.2913386 0.1696063 1.2913386 0.1496063 1.2913386 1 P 0 N
A 0.1716928 3.0795039 0.1716928 3.0795039 0.1516928 3.0795039 1 P 0 N
A 0.1756299 1.2054882 0.1756299 1.2054882 0.1556299 1.2054882 1 P 0 N
A 0.1779756 2.9643173 0.1779756 2.9643173 0.1579756 2.9643173 1 P 0 N
A 0.1814173 0.9527559 0.1814173 0.9527559 0.1614173 0.9527559 1 P 0 N
A 0.1874409 3.3039134 0.1874409 3.3039134 0.1674409 3.3039134 1 P 0 N
A 0.1932283 2.5866142 0.1932283 2.5866142 0.1732283 2.5866142 1 P 0 N
A 0.199252 2.1621811 0.199252 2.1621811 0.179252 2.1621811 1 P 0 N
A 0.203189 2.9298976 0.203189 2.9298976 0.183189 2.9298976 1 P 0 N
A 0.2089764 2.2401575 0.2089764 2.2401575 0.1889764 2.2401575 1 P 0 N
A 0.218937 0.8787165 0.218937 0.8787165 0.198937 0.8787165 1 P 0 N
A 0.2247244 1.5984252 0.2247244 1.5984252 0.2047244 1.5984252 1 P 0 N
A 0.2253985 2.9639182 0.2253985 2.9639182 0.2053985 2.9639182 1 P 0 N
A 0.226811 3.0637559 0.226811 3.0637559 0.206811 3.0637559 1 P 0 N
A 0.2325984 0.2755906 0.2325984 0.2755906 0.2125984 0.2755906 1 P 0 N
A 0.2335827 0.7972441 0.2335827 0.7972441 0.2135827 0.7972441 1 P 0 N
A 0.2365354 3.3661417 0.2365354 3.3661417 0.2165354 3.3661417 1 P 0 N
A 0.2404724 2.2401575 0.2404724 2.2401575 0.2204724 2.2401575 1 P 0 N
A 0.2444094 1.3031496 0.2444094 1.3031496 0.2244094 1.3031496 1 P 0 N
A 0.2493307 2.5797244 0.2493307 2.5797244 0.2293307 2.5797244 1 P 0 N
A 0.2522835 2.0590551 0.2522835 2.0590551 0.2322835 2.0590551 1 P 0 N
A 0.2525 2.9306909 0.2525 2.9306909 0.2325 2.9306909 1 P 0 N
A 0.2532677 2.1712598 0.2532677 2.1712598 0.2332677 2.1712598 1 P 0 N
A 0.2583071 0.8984016 0.2583071 0.8984016 0.2383071 0.8984016 1 P 0 N
A 0.267677 3.2999764 0.267677 3.2999764 0.247677 3.2999764 1 P 0 N
A 0.2701181 3.1661181 0.2701181 3.1661181 0.2501181 3.1661181 1 P 0 N
A 0.2723292 2.6838605 0.2723292 2.6838605 0.2523292 2.6838605 1 P 0 N
A 0.2775 2.9641752 0.2775 2.9641752 0.2575 2.9641752 1 P 0 N
A 0.2779921 2.0243858 0.2779921 2.0243858 0.2579921 2.0243858 1 P 0 N
A 0.2802356 3.0614965 0.2802356 3.0614965 0.2602356 3.0614965 1 P 0 N
A 0.2819291 2.2999764 0.2819291 2.2999764 0.2619291 2.2999764 1 P 0 N
A 0.2858661 3.134622 0.2858661 3.134622 0.2658661 3.134622 1 P 0 N
A 0.2858661 3.3669055 0.2858661 3.3669055 0.2658661 3.3669055 1 P 0 N
A 0.2877165 0.2874016 0.2877165 0.2874016 0.2677165 0.2874016 1 P 0 N
A 0.2877165 0.3307087 0.2877165 0.3307087 0.2677165 0.3307087 1 P 0 N
A 0.2937402 0.9259606 0.2937402 0.9259606 0.2737402 0.9259606 1 P 0 N
A 0.2995276 2.4173228 0.2995276 2.4173228 0.2795276 2.4173228 1 P 0 N
A 0.3014961 0.8858268 0.3014961 0.8858268 0.2814961 0.8858268 1 P 0 N
A 0.3034646 2.0590551 0.3034646 2.0590551 0.2834646 2.0590551 1 P 0 N
A 0.3034646 2.5748031 0.3034646 2.5748031 0.2834646 2.5748031 1 P 0 N
A 0.3113386 3.0787401 0.3113386 3.0787401 0.2913386 3.0787401 1 P 0 N
A 0.3152756 0.2440945 0.3152756 0.2440945 0.2952756 0.2440945 1 P 0 N
A 0.3152756 1.4645669 0.3152756 1.4645669 0.2952756 1.4645669 1 P 0 N
A 0.3152756 2.9173228 0.3152756 2.9173228 0.2952756 2.9173228 1 P 0 N
A 0.3152756 2.9448819 0.3152756 2.9448819 0.2952756 2.9448819 1 P 0 N
A 0.3152756 3.1811024 0.3152756 3.1811024 0.2952756 3.1811024 1 P 0 N
A 0.3173622 2.7251732 0.3173622 2.7251732 0.2973622 2.7251732 1 P 0 N
A 0.3192126 -0.1456693 0.3192126 -0.1456693 0.2992126 -0.1456693 1 P 0 N
A 0.3212992 1.1858031 0.3212992 1.1858031 0.3012992 1.1858031 1 P 0 N
A 0.3231496 -0.019685 0.3231496 -0.019685 0.3031496 -0.019685 1 P 0 N
A 0.3231496 2.8070866 0.3231496 2.8070866 0.3031496 2.8070866 1 P 0 N
A 0.3252362 0.8039134 0.3252362 0.8039134 0.3052362 0.8039134 1 P 0 N
A 0.3261024 0.8533465 0.3261024 0.8533465 0.3061024 0.8533465 1 P 0 N
A 0.3310236 0.3307087 0.3310236 0.3307087 0.3110236 0.3307087 1 P 0 N
A 0.3310236 2.0905512 0.3310236 2.0905512 0.3110236 2.0905512 1 P 0 N
A 0.3331102 2.3944646 0.3331102 2.3944646 0.3131102 2.3944646 1 P 0 N
A 0.3339764 0.2795276 0.3339764 0.2795276 0.3139764 0.2795276 1 P 0 N
A 0.3388976 3.0787401 0.3388976 3.0787401 0.3188976 3.0787401 1 P 0 N
A 0.3388976 3.3267717 0.3388976 3.3267717 0.3188976 3.3267717 1 P 0 N
A 0.3409843 0.6897402 0.3409843 0.6897402 0.3209843 0.6897402 1 P 0 N
A 0.3428346 2.0511811 0.3428346 2.0511811 0.3228346 2.0511811 1 P 0 N
A 0.3449213 2.2724173 0.3449213 2.2724173 0.3249213 2.2724173 1 P 0 N
A 0.3567323 3.1661181 0.3567323 3.1661181 0.3367323 3.1661181 1 P 0 N
A 0.3567323 3.2606063 0.3567323 3.2606063 0.3367323 3.2606063 1 P 0 N
A 0.3585827 0.2244094 0.3585827 0.2244094 0.3385827 0.2244094 1 P 0 N
A 0.3646063 2.1543071 0.3646063 2.1543071 0.3446063 2.1543071 1 P 0 N
A 0.3664567 -0.2086614 0.3664567 -0.2086614 0.3464567 -0.2086614 1 P 0 N
A 0.3684252 0.3100394 0.3684252 0.3100394 0.3484252 0.3100394 1 P 0 N
A 0.3699016 1.5147638 0.3699016 1.5147638 0.3499016 1.5147638 1 P 0 N
A 0.3703937 3.0748031 0.3703937 3.0748031 0.3503937 3.0748031 1 P 0 N
A 0.3728347 0.8082048 0.3728347 0.8082048 0.3528347 0.8082048 1 P 0 N
A 0.3743307 -0.1535433 0.3743307 -0.1535433 0.3543307 -0.1535433 1 P 0 N
A 0.3743307 0.2677165 0.3743307 0.2677165 0.3543307 0.2677165 1 P 0 N
A 0.3782677 2.996063 0.3782677 2.996063 0.3582677 2.996063 1 P 0 N
A 0.3822047 0.1309055 0.3822047 0.1309055 0.3622047 0.1309055 1 P 0 N
A 0.3822047 0.1889764 0.3822047 0.1889764 0.3622047 0.1889764 1 P 0 N
A 0.3822047 0.3858268 0.3822047 0.3858268 0.3622047 0.3858268 1 P 0 N
A 0.3861417 -0.0905512 0.3861417 -0.0905512 0.3661417 -0.0905512 1 P 0 N
A 0.3861417 2.9566929 0.3861417 2.9566929 0.3661417 2.9566929 1 P 0 N
A 0.3948001 3.0834409 0.3948001 3.0834409 0.3748001 3.0834409 1 P 0 N
A 0.3968898 2.107063 0.3968898 2.107063 0.3768898 2.107063 1 P 0 N
A 0.3979528 1.4330709 0.3979528 1.4330709 0.3779528 1.4330709 1 P 0 N
A 0.3982642 3.1670021 0.3982642 3.1670021 0.3782642 3.1670021 1 P 0 N
A 0.4009055 3.2283465 0.4009055 3.2283465 0.3809055 3.2283465 1 P 0 N
A 0.4038583 0.4183071 0.4038583 0.4183071 0.3838583 0.4183071 1 P 0 N
A 0.4038583 0.4576772 0.4038583 0.4576772 0.3838583 0.4576772 1 P 0 N
A 0.4039764 0.4968268 0.4039764 0.4968268 0.3839764 0.4968268 1 P 0 N
A 0.4137008 0.1574803 0.4137008 0.1574803 0.3937008 0.1574803 1 P 0 N
A 0.4137008 0.2795276 0.4137008 0.2795276 0.3937008 0.2795276 1 P 0 N
A 0.4157874 0.6897402 0.4157874 0.6897402 0.3957874 0.6897402 1 P 0 N
A 0.4176378 0.2204724 0.4176378 0.2204724 0.3976378 0.2204724 1 P 0 N
A 0.4176378 0.3661417 0.4176378 0.3661417 0.3976378 0.3661417 1 P 0 N
A 0.4255118 -0.1535433 0.4255118 -0.1535433 0.4055118 -0.1535433 1 P 0 N
A 0.4255118 -0.2086614 0.4255118 -0.2086614 0.4055118 -0.2086614 1 P 0 N
A 0.4255118 1.6417323 0.4255118 1.6417323 0.4055118 1.6417323 1 P 0 N
A 0.4276202 1.5025968 0.4276202 1.5025968 0.4076202 1.5025968 1 P 0 N
A 0.4294488 0.0944882 0.4294488 0.0944882 0.4094488 0.0944882 1 P 0 N
A 0.436966 0.7998901 0.436966 0.7998901 0.416966 0.7998901 1 P 0 N
A 0.4373228 1.4370079 0.4373228 1.4370079 0.4173228 1.4370079 1 P 0 N
A 0.4386457 1.0629921 0.4386457 1.0629921 0.4186457 1.0629921 1 P 0 N
A 0.4451969 1.5314961 0.4451969 1.5314961 0.4251969 1.5314961 1 P 0 N
A 0.4491339 0.2598425 0.4491339 0.2598425 0.4291339 0.2598425 1 P 0 N
A 0.4491339 1.4685039 0.4491339 1.4685039 0.4291339 1.4685039 1 P 0 N
A 0.4512205 0.6582441 0.4512205 0.6582441 0.4312205 0.6582441 1 P 0 N
A 0.4530709 0.4173228 0.4530709 0.4173228 0.4330709 0.4173228 1 P 0 N
A 0.4530709 1.1220472 0.4530709 1.1220472 0.4330709 1.1220472 1 P 0 N
A 0.4540551 0.1692913 0.4540551 0.1692913 0.4340551 0.1692913 1 P 0 N
A 0.4550394 0.4576772 0.4550394 0.4576772 0.4350394 0.4576772 1 P 0 N
A 0.4551575 0.4968268 0.4551575 0.4968268 0.4351575 0.4968268 1 P 0 N
A 0.4560628 0.9428097 0.4560628 0.9428097 0.4360628 0.9428097 1 P 0 N
A 0.4570079 0.976378 0.4570079 0.976378 0.4370079 0.976378 1 P 0 N
A 0.4575232 0.9172609 0.4575232 0.9172609 0.4375232 0.9172609 1 P 0 N
A 0.4609449 0.2204724 0.4609449 0.2204724 0.4409449 0.2204724 1 P 0 N
A 0.4609449 0.3267717 0.4609449 0.3267717 0.4409449 0.3267717 1 P 0 N
A 0.4688189 0.0590551 0.4688189 0.0590551 0.4488189 0.0590551 1 P 0 N
A 0.4688189 1.6023622 0.4688189 1.6023622 0.4488189 1.6023622 1 P 0 N
A 0.4707874 1.3887795 0.4707874 1.3887795 0.4507874 1.3887795 1 P 0 N
A 0.4806299 -0.1456693 0.4806299 -0.1456693 0.4606299 -0.1456693 1 P 0 N
A 0.4885039 0.5748031 0.4885039 0.5748031 0.4685039 0.5748031 1 P 0 N
A 0.4914567 0.2687008 0.4914567 0.2687008 0.4714567 0.2687008 1 P 0 N
A 0.4924409 -0.011811 0.4924409 -0.011811 0.4724409 -0.011811 1 P 0 N
A 0.4955118 0.1936063 0.4955118 0.1936063 0.4755118 0.1936063 1 P 0 N
A 0.504252 0.6496063 0.504252 0.6496063 0.484252 0.6496063 1 P 0 N
A 0.5101575 0.2312992 0.5101575 0.2312992 0.4901575 0.2312992 1 P 0 N
A 0.512126 0.0551181 0.512126 0.0551181 0.492126 0.0551181 1 P 0 N
A 0.512126 0.3070866 0.512126 0.3070866 0.492126 0.3070866 1 P 0 N
A 0.5150787 1.3464567 0.5150787 1.3464567 0.4950787 1.3464567 1 P 0 N
A 0.5338976 0.5716299 0.5338976 0.5716299 0.5138976 0.5716299 1 P 0 N
A 0.5367323 0.2677165 0.5367323 0.2677165 0.5167323 0.2677165 1 P 0 N
A 0.539685 1.386811 0.539685 1.386811 0.519685 1.386811 1 P 0 N
A 0.543622 1.1850394 0.543622 1.1850394 0.523622 1.1850394 1 P 0 N
A 0.5436221 0.8622047 0.5436221 0.8622047 0.5236221 0.8622047 1 P 0 N
A 0.5475591 0.7992126 0.5475591 0.7992126 0.5275591 0.7992126 1 P 0 N
A 0.5614567 1.2369843 0.5614567 1.2369843 0.5414567 1.2369843 1 P 0 N
A 0.5614567 1.2645433 0.5614567 1.2645433 0.5414567 1.2645433 1 P 0 N
A 0.5633071 1.5551181 0.5633071 1.5551181 0.5433071 1.5551181 1 P 0 N
A 0.5711811 1.0905512 0.5711811 1.0905512 0.5511811 1.0905512 1 P 0 N
A 0.5711811 1.1259843 0.5711811 1.1259843 0.5511811 1.1259843 1 P 0 N
A 0.5711811 1.2125984 0.5711811 1.2125984 0.5511811 1.2125984 1 P 0 N
A 0.5800394 1.3759843 0.5800394 1.3759843 0.5600394 1.3759843 1 P 0 N
A 0.5829921 0.8503937 0.5829921 0.8503937 0.5629921 0.8503937 1 P 0 N
A 0.5869291 1.3110236 0.5869291 1.3110236 0.5669291 1.3110236 1 P 0 N
A 0.5940394 1.5808268 0.5940394 1.5808268 0.5740394 1.5808268 1 P 0 N
A 0.6004352 1.1675963 0.6004352 1.1675963 0.5804352 1.1675963 1 P 0 N
A 0.6066142 -0.0275591 0.6066142 -0.0275591 0.5866142 -0.0275591 1 P 0 N
A 0.6066142 0.3070866 0.6066142 0.3070866 0.5866142 0.3070866 1 P 0 N
A 0.6066142 0.8858268 0.6066142 0.8858268 0.5866142 0.8858268 1 P 0 N
A 0.6066142 0.9212598 0.6066142 0.9212598 0.5866142 0.9212598 1 P 0 N
A 0.6066142 1.1023622 0.6066142 1.1023622 0.5866142 1.1023622 1 P 0 N
A 0.6066142 1.4045276 0.6066142 1.4045276 0.5866142 1.4045276 1 P 0 N
A 0.6381102 1.4527559 0.6381102 1.4527559 0.6181102 1.4527559 1 P 0 N
A 0.6381102 1.5748031 0.6381102 1.5748031 0.6181102 1.5748031 1 P 0 N
A 0.6499213 0.9566929 0.6499213 0.9566929 0.6299213 0.9566929 1 P 0 N
A 0.6617323 1.4173228 0.6617323 1.4173228 0.6417323 1.4173228 1 P 0 N
A 0.6727795 1.5493307 0.6727795 1.5493307 0.6527795 1.5493307 1 P 0 N
A 0.6774803 0.007874 0.6774803 0.007874 0.6574803 0.007874 1 P 0 N
A 0.6774803 0.7913386 0.6774803 0.7913386 0.6574803 0.7913386 1 P 0 N
A 0.7089764 0.8779528 0.7089764 0.8779528 0.6889764 0.8779528 1 P 0 N
A 0.715 1.0401339 0.715 1.0401339 0.695 1.0401339 1 P 0 N
A 0.7168504 0.6259843 0.7168504 0.6259843 0.6968504 0.6259843 1 P 0 N
A 0.7286614 0.9606299 0.7286614 0.9606299 0.7086614 0.9606299 1 P 0 N
A 0.7312523 -0.0866142 0.7312523 -0.0866142 0.7112523 -0.0866142 1 P 0 N
A 0.7444094 -0.2086614 0.7444094 -0.2086614 0.7244094 -0.2086614 1 P 0 N
A 0.7483465 1.523622 0.7483465 1.523622 0.7283465 1.523622 1 P 0 N
A 0.755029 0.7797349 0.755029 0.7797349 0.735029 0.7797349 1 P 0 N
A 0.7570849 0.4307282 0.7570849 0.4307282 0.7370849 0.4307282 1 P 0 N
L -0.0575042 1.5397402 -0.0575042 1.5647321 0 P 0
L -0.0575042 1.5647321 -0.0908268 1.5647321 0 P 0
L -0.0575042 1.5730628 -0.0575042 1.5397402 0 P 0
L -0.0575042 1.7647402 -0.0575042 1.7897321 0 P 0
L -0.0575042 1.7897321 -0.0908268 1.7897321 0 P 0
L -0.0575042 1.7980628 -0.0575042 1.7647402 0 P 0
L -0.0741655 1.589724 -0.0575042 1.5730628 0 P 0
L -0.0741655 1.814724 -0.0575042 1.7980628 0 P 0
L -0.0908268 1.5397402 -0.0908268 1.5730628 0 P 0
L -0.0908268 1.5730628 -0.0741655 1.589724 0 P 0
L -0.0908268 1.7647402 -0.0908268 1.7980628 0 P 0
L -0.0908268 1.7980628 -0.0741655 1.814724 0 P 0
L -0.1175042 1.8397402 -0.1175042 1.8647321 0 P 0
L -0.1175042 1.8647321 -0.1508268 1.8647321 0 P 0
L -0.1175042 1.8730628 -0.1175042 1.8397402 0 P 0
L -0.1317323 0.7125984 -0.1217323 0.6925984 0 P 0
L -0.1317323 0.7125984 -0.1217323 0.7325984 0 P 0
L -0.1341655 1.889724 -0.1175042 1.8730628 0 P 0
L -0.1375197 0.7448583 -0.1275197 0.7248583 0 P 0
L -0.1375197 0.7448583 -0.1275197 0.7648583 0 P 0
L -0.1417323 0.7025984 -0.1217323 0.6925984 0 P 0
L -0.1417323 0.7225984 -0.1217323 0.7325984 0 P 0
L -0.1453543 2.1847244 -0.1453543 2.2247244 0 P 0
L -0.1475197 0.7348583 -0.1275197 0.7248583 0 P 0
L -0.1475197 0.7548583 -0.1275197 0.7648583 0 P 0
L -0.1508268 1.8397402 -0.1508268 1.8730628 0 P 0
L -0.1508268 1.8730628 -0.1341655 1.889724 0 P 0
L -0.1575042 1.5397402 -0.1575042 1.5647321 0 P 0
L -0.1575042 1.5647321 -0.1908268 1.5647321 0 P 0
L -0.1575042 1.5730628 -0.1575042 1.5397402 0 P 0
L -0.1617323 0.6925984 -0.1417323 0.7025984 0 P 0
L -0.1617323 0.6925984 -0.1517323 0.7125984 0 P 0
L -0.1617323 0.7325984 -0.1417323 0.7225984 0 P 0
L -0.1617323 0.7325984 -0.1517323 0.7125984 0 P 0
L -0.1675197 0.7248583 -0.1475197 0.7348583 0 P 0
L -0.1675197 0.7248583 -0.1575197 0.7448583 0 P 0
L -0.1675197 0.7648583 -0.1475197 0.7548583 0 P 0
L -0.1675197 0.7648583 -0.1575197 0.7448583 0 P 0
L -0.1741655 1.589724 -0.1575042 1.5730628 0 P 0
L -0.1853543 2.1847244 -0.1453543 2.1847244 0 P 0
L -0.1853543 2.1847244 -0.1853543 2.2247244 0 P 0
L -0.1853543 2.2247244 -0.1453543 2.2247244 0 P 0
L -0.1908268 1.5397402 -0.1908268 1.5730628 0 P 0
L -0.1908268 1.5730628 -0.1741655 1.589724 0 P 0
L -0.1947244 0.3031496 -0.1847244 0.2831496 0 P 0
L -0.1947244 0.3031496 -0.1847244 0.3231496 0 P 0
L -0.1975042 1.8397402 -0.1975042 1.8647321 0 P 0
L -0.1975042 1.8647321 -0.2308268 1.8647321 0 P 0
L -0.1975042 1.8730628 -0.1975042 1.8397402 0 P 0
L -0.2010672 1.2834646 -0.1910672 1.2634646 0 P 0
L -0.2010672 1.2834646 -0.1910672 1.3034646 0 P 0
L -0.2047244 0.2931496 -0.1847244 0.2831496 0 P 0
L -0.2047244 0.3131496 -0.1847244 0.3231496 0 P 0
L -0.2110672 1.2734646 -0.1910672 1.2634646 0 P 0
L -0.2110672 1.2934646 -0.1910672 1.3034646 0 P 0
L -0.2141655 1.889724 -0.1975042 1.8730628 0 P 0
L -0.2247244 0.2831496 -0.2047244 0.2931496 0 P 0
L -0.2247244 0.2831496 -0.2147244 0.3031496 0 P 0
L -0.2247244 0.3231496 -0.2047244 0.3131496 0 P 0
L -0.2247244 0.3231496 -0.2147244 0.3031496 0 P 0
L -0.2308268 1.8397402 -0.2308268 1.8730628 0 P 0
L -0.2308268 1.8730628 -0.2141655 1.889724 0 P 0
L -0.2310672 1.2634646 -0.2110672 1.2734646 0 P 0
L -0.2310672 1.2634646 -0.2210672 1.2834646 0 P 0
L -0.2310672 1.3034646 -0.2110672 1.2934646 0 P 0
L -0.2310672 1.3034646 -0.2210672 1.2834646 0 P 0
L -0.2575042 1.5397402 -0.2575042 1.5647321 0 P 0
L -0.2575042 1.5647321 -0.2908268 1.5647321 0 P 0
L -0.2575042 1.5730628 -0.2575042 1.5397402 0 P 0
L -0.2575042 1.7647402 -0.2575042 1.7897321 0 P 0
L -0.2575042 1.7897321 -0.2908268 1.7897321 0 P 0
L -0.2575042 1.7980628 -0.2575042 1.7647402 0 P 0
L -0.2616535 0.2716535 -0.2516535 0.2516535 0 P 0
L -0.2616535 0.2716535 -0.2516535 0.2916535 0 P 0
L -0.2627165 0.422811 -0.2527165 0.402811 0 P 0
L -0.2627165 0.422811 -0.2527165 0.442811 0 P 0
L -0.2716535 0.2616535 -0.2516535 0.2516535 0 P 0
L -0.2716535 0.2816535 -0.2516535 0.2916535 0 P 0
L -0.2727165 0.412811 -0.2527165 0.402811 0 P 0
L -0.2727165 0.432811 -0.2527165 0.442811 0 P 0
L -0.2741655 1.589724 -0.2575042 1.5730628 0 P 0
L -0.2741655 1.814724 -0.2575042 1.7980628 0 P 0
L -0.2908268 1.5397402 -0.2908268 1.5730628 0 P 0
L -0.2908268 1.5730628 -0.2741655 1.589724 0 P 0
L -0.2908268 1.7647402 -0.2908268 1.7980628 0 P 0
L -0.2908268 1.7980628 -0.2741655 1.814724 0 P 0
L -0.2916535 0.2516535 -0.2716535 0.2616535 0 P 0
L -0.2916535 0.2516535 -0.2816535 0.2716535 0 P 0
L -0.2916535 0.2916535 -0.2716535 0.2816535 0 P 0
L -0.2916535 0.2916535 -0.2816535 0.2716535 0 P 0
L -0.2927165 0.402811 -0.2727165 0.412811 0 P 0
L -0.2927165 0.402811 -0.2827165 0.422811 0 P 0
L -0.2927165 0.442811 -0.2727165 0.432811 0 P 0
L -0.2927165 0.442811 -0.2827165 0.422811 0 P 0
L 0 0 0 0.0333226 0 P 0
L 0 0.0333226 0.0166613 0.0499838 0 P 0
L 0.0166613 0.0499838 0.0333226 0.0333226 0 P 0
L 0.0333226 0 0.0333226 0.0249919 0 P 0
L 0.0333226 0.0249919 0 0.0249919 0 P 0
L 0.0333226 0.0333226 0.0333226 0 0 P 0
L 0.0404724 2.8896929 0.0404724 2.9230155 0 P 0
L 0.0404724 2.9230155 0.0571337 2.9396767 0 P 0
L 0.0571337 2.9396767 0.073795 2.9230155 0 P 0
L 0.073795 2.8896929 0.073795 2.9146848 0 P 0
L 0.073795 2.9146848 0.0404724 2.9146848 0 P 0
L 0.073795 2.9230155 0.073795 2.8896929 0 P 0
L 0.0744882 0.3422047 0.0844882 0.3622047 0 P 0
L 0.0744882 0.3422047 0.0944882 0.3522047 0 P 0
L 0.0744882 0.3822047 0.0844882 0.3622047 0 P 0
L 0.0744882 0.3822047 0.0944882 0.3722047 0 P 0
L 0.0944882 0.3522047 0.1144882 0.3422047 0 P 0
L 0.0944882 0.3722047 0.1144882 0.3822047 0 P 0
L 0.1044882 0.3622047 0.1144882 0.3422047 0 P 0
L 0.1044882 0.3622047 0.1144882 0.3822047 0 P 0
L 0.117756 0.3532914 0.127756 0.3732914 0 P 0
L 0.117756 0.3532914 0.137756 0.3632914 0 P 0
L 0.117756 0.3932914 0.127756 0.3732914 0 P 0
L 0.117756 0.3932914 0.137756 0.3832914 0 P 0
L 0.137756 0.3632914 0.157756 0.3532914 0 P 0
L 0.137756 0.3832914 0.157756 0.3932914 0 P 0
L 0.147756 0.3732914 0.157756 0.3532914 0 P 0
L 0.147756 0.3732914 0.157756 0.3932914 0 P 0
L 0.2713386 0.5469291 0.2813386 0.5669291 0 P 0
L 0.2713386 0.5469291 0.2913386 0.5569291 0 P 0
L 0.2713386 0.5869291 0.2813386 0.5669291 0 P 0
L 0.2713386 0.5869291 0.2913386 0.5769291 0 P 0
L 0.2792126 2.6650394 0.2792126 2.7050394 0 P 0
L 0.2792126 2.6650394 0.3192126 2.6650394 0 P 0
L 0.2792126 2.7050394 0.3192126 2.7050394 0 P 0
L 0.2870866 2.503622 0.2870866 2.543622 0 P 0
L 0.2870866 2.503622 0.3270866 2.503622 0 P 0
L 0.2870866 2.543622 0.3270866 2.543622 0 P 0
L 0.2910236 2.476063 0.2910236 2.516063 0 P 0
L 0.2910236 2.476063 0.3310236 2.476063 0 P 0
L 0.2910236 2.516063 0.3310236 2.516063 0 P 0
L 0.2913386 0.5569291 0.3113386 0.5469291 0 P 0
L 0.2913386 0.5769291 0.3113386 0.5869291 0 P 0
L 0.3013386 0.5669291 0.3113386 0.5469291 0 P 0
L 0.3013386 0.5669291 0.3113386 0.5869291 0 P 0
L 0.3067717 0.5666142 0.3167717 0.5866142 0 P 0
L 0.3067717 0.5666142 0.3267717 0.5766142 0 P 0
L 0.3067717 0.6066142 0.3167717 0.5866142 0 P 0
L 0.3067717 0.6066142 0.3267717 0.5966142 0 P 0
L 0.3192126 2.6650394 0.3192126 2.7050394 0 P 0
L 0.3225197 2.6177953 0.3225197 2.6577953 0 P 0
L 0.3225197 2.6177953 0.3625197 2.6177953 0 P 0
L 0.3225197 2.6577953 0.3625197 2.6577953 0 P 0
L 0.3225197 2.7044094 0.3225197 2.7444094 0 P 0
L 0.3225197 2.7044094 0.3625197 2.7044094 0 P 0
L 0.3225197 2.7444094 0.3625197 2.7444094 0 P 0
L 0.3264567 2.5075591 0.3264567 2.5475591 0 P 0
L 0.3264567 2.5075591 0.3664567 2.5075591 0 P 0
L 0.3264567 2.5475591 0.3664567 2.5475591 0 P 0
L 0.3267717 0.5766142 0.3467717 0.5666142 0 P 0
L 0.3267717 0.5966142 0.3467717 0.6066142 0 P 0
L 0.3270866 2.503622 0.3270866 2.543622 0 P 0
L 0.3310236 2.476063 0.3310236 2.516063 0 P 0
L 0.3367717 0.5866142 0.3467717 0.5666142 0 P 0
L 0.3367717 0.5866142 0.3467717 0.6066142 0 P 0
L 0.3495276 2.8896929 0.3495276 2.9230155 0 P 0
L 0.3495276 2.9230155 0.3661889 2.9396767 0 P 0
L 0.3625197 2.6177953 0.3625197 2.6577953 0 P 0
L 0.3625197 2.7044094 0.3625197 2.7444094 0 P 0
L 0.3658268 2.5075591 0.3658268 2.5475591 0 P 0
L 0.3658268 2.5075591 0.4058268 2.5075591 0 P 0
L 0.3658268 2.5475591 0.4058268 2.5475591 0 P 0
L 0.3658268 2.7910236 0.3658268 2.8310236 0 P 0
L 0.3658268 2.7910236 0.4058268 2.7910236 0 P 0
L 0.3658268 2.8310236 0.4058268 2.8310236 0 P 0
L 0.3661889 2.9396767 0.3828502 2.9230155 0 P 0
L 0.3664567 2.5075591 0.3664567 2.5475591 0 P 0
L 0.3828502 2.8896929 0.3828502 2.9146848 0 P 0
L 0.3828502 2.9146848 0.3495276 2.9146848 0 P 0
L 0.3828502 2.9230155 0.3828502 2.8896929 0 P 0
L 0.39 0 0.39 0.0333226 0 P 0
L 0.39 0.0333226 0.4066613 0.0499838 0 P 0
L 0.4058268 2.5075591 0.4058268 2.5475591 0 P 0
L 0.4058268 2.7910236 0.4058268 2.8310236 0 P 0
L 0.4066613 0.0499838 0.4233226 0.0333226 0 P 0
L 0.4233226 0 0.4233226 0.0249919 0 P 0
L 0.4233226 0.0249919 0.39 0.0249919 0 P 0
L 0.4233226 0.0333226 0.4233226 0 0 P 0
L 0.5311811 0.4012598 0.5411811 0.4212598 0 P 0
L 0.5311811 0.4012598 0.5511811 0.4112598 0 P 0
L 0.5311811 0.4412598 0.5411811 0.4212598 0 P 0
L 0.5311811 0.4412598 0.5511811 0.4312598 0 P 0
L 0.5511811 0.4112598 0.5711811 0.4012598 0 P 0
L 0.5511811 0.4312598 0.5711811 0.4412598 0 P 0
L 0.5611811 0.4212598 0.5711811 0.4012598 0 P 0
L 0.5611811 0.4212598 0.5711811 0.4412598 0 P 0
L 0.6571654 1.3107087 0.6671654 1.3307087 0 P 0
L 0.6571654 1.3107087 0.6771654 1.3207087 0 P 0
L 0.6571654 1.3507087 0.6671654 1.3307087 0 P 0
L 0.6571654 1.3507087 0.6771654 1.3407087 0 P 0
L 0.6689763 1.2183859 0.6789763 1.2383859 0 P 0
L 0.6689763 1.2183859 0.6889763 1.2283859 0 P 0
L 0.6689763 1.2583859 0.6789763 1.2383859 0 P 0
L 0.6689763 1.2583859 0.6889763 1.2483859 0 P 0
L 0.6771654 1.3207087 0.6971654 1.3107087 0 P 0
L 0.6771654 1.3407087 0.6971654 1.3507087 0 P 0
L 0.6871654 1.3307087 0.6971654 1.3107087 0 P 0
L 0.6871654 1.3307087 0.6971654 1.3507087 0 P 0
L 0.6889763 1.2283859 0.7089763 1.2183859 0 P 0
L 0.6889763 1.2483859 0.7089763 1.2583859 0 P 0
L 0.6906299 1.2546064 0.7006299 1.2746064 0 P 0
L 0.6906299 1.2546064 0.7106299 1.2646064 0 P 0
L 0.6906299 1.2946064 0.7006299 1.2746064 0 P 0
L 0.6906299 1.2946064 0.7106299 1.2846064 0 P 0
L 0.6989763 1.2383859 0.7089763 1.2183859 0 P 0
L 0.6989763 1.2383859 0.7089763 1.2583859 0 P 0
L 0.7106299 1.2646064 0.7306299 1.2546064 0 P 0
L 0.7106299 1.2846064 0.7306299 1.2946064 0 P 0
L 0.7206299 1.2746064 0.7306299 1.2546064 0 P 0
L 0.7206299 1.2746064 0.7306299 1.2946064 0 P 0
