#Layer_Color=9474304
#
#Feature symbol names
#
$0 r5

#
#Feature attribute names
#

#
#Layer features
#
L -0.007874 0.2352363 -0.007874 0.2450787 0 P 0
L -0.009749 1.117126 -0.009749 1.1269684 0 P 0
L -0.0127952 0.2401575 -0.0029528 0.2401575 0 P 0
L -0.0146702 1.1220472 -0.0048278 1.1220472 0 P 0
L -0.015748 0.9281497 -0.015748 0.9379921 0 P 0
L -0.0165354 3.1478347 -0.0165354 3.1576771 0 P 0
L -0.0206692 0.9330709 -0.0108268 0.9330709 0 P 0
L -0.0214566 3.1527559 -0.0116142 3.1527559 0 P 0
L -0.0215354 1.6021418 -0.0215354 1.6119842 0 P 0
L -0.0216535 1.484252 -0.0216535 1.4940944 0 P 0
L -0.0254724 1.6769449 -0.0254724 1.6867873 0 P 0
L -0.0264566 1.607063 -0.0166142 1.607063 0 P 0
L -0.0265747 1.4891732 -0.0167323 1.4891732 0 P 0
L -0.0294094 0.4407245 -0.0294094 0.4505669 0 P 0
L -0.0303936 1.6818661 -0.0205512 1.6818661 0 P 0
L -0.0343306 0.4456457 -0.0244882 0.4456457 0 P 0
L -0.0393701 0.6564961 -0.0393701 0.6663385 0 P 0
L -0.0412205 0.7950552 -0.0412205 0.8048976 0 P 0
L -0.0442913 0.6614173 -0.0344489 0.6614173 0 P 0
L -0.0461417 0.7999764 -0.0362993 0.7999764 0 P 0
L -0.05 0 0.05 0 0 P 0
L -0.0530315 0.5155276 -0.0530315 0.52537 0 P 0
L -0.0579527 0.5204488 -0.0481103 0.5204488 0 P 0
L -0.0590551 0.2470473 -0.0590551 0.2568897 0 P 0
L -0.0609055 1.3974174 -0.0609055 1.4072598 0 P 0
L -0.0609055 3.0234016 -0.0609055 3.033244 0 P 0
L -0.0639763 0.2519685 -0.0541339 0.2519685 0 P 0
L -0.0658267 1.4023386 -0.0559843 1.4023386 0 P 0
L -0.0658267 3.0283228 -0.0559843 3.0283228 0 P 0
L -0.0669291 0.2864174 -0.0669291 0.2962598 0 P 0
L -0.0682123 0.3292911 -0.0682123 0.3391335 0 P 0
L -0.0718503 0.2913386 -0.0620079 0.2913386 0 P 0
L -0.0727165 0.3737953 -0.0727165 0.3836377 0 P 0
L -0.0731335 0.3342123 -0.0632911 0.3342123 0 P 0
L -0.0776377 0.3787165 -0.0677953 0.3787165 0 P 0
L -0.079937 3.0062362 -0.079937 3.0160786 0 P 0
L -0.0845276 0.5155276 -0.0845276 0.52537 0 P 0
L -0.0848582 3.0111574 -0.0750158 3.0111574 0 P 0
L -0.0884646 0.8974174 -0.0884646 0.9072598 0 P 0
L -0.0893504 0.9380671 -0.0893504 0.9479095 0 P 0
L -0.0894488 0.5204488 -0.0796064 0.5204488 0 P 0
L -0.0908268 1.4929883 -0.0908268 1.5864921 0 P 0
L -0.0908268 1.7179883 -0.0908268 1.8114921 0 P 0
L -0.0933858 0.9023386 -0.0835434 0.9023386 0 P 0
L -0.0942716 0.9429883 -0.0844292 0.9429883 0 P 0
L -0.0944882 0.1958662 -0.0944882 0.2057086 0 P 0
L -0.0944882 1.8415355 -0.0944882 1.8513779 0 P 0
L -0.0994094 0.2007874 -0.089567 0.2007874 0 P 0
L -0.0994094 1.8464567 -0.089567 1.8464567 0 P 0
L -0.1081496 3.0194646 -0.1081496 3.029307 0 P 0
L -0.1130708 3.0243858 -0.1032284 3.0243858 0 P 0
L -0.1132998 0.2842329 -0.1132998 0.2940753 0 P 0
L -0.1140551 -0.0204357 -0.1140551 -0.0105933 0 P 0
L -0.118221 0.2891541 -0.1083786 0.2891541 0 P 0
L -0.1189763 -0.0155145 -0.1091339 -0.0155145 0 P 0
L -0.1208299 0.2367088 -0.1208299 0.2465512 0 P 0
L -0.1257511 0.24163 -0.1159087 0.24163 0 P 0
L -0.1278346 1.6178898 -0.1278346 1.6277322 0 P 0
L -0.1327558 1.622811 -0.1229134 1.622811 0 P 0
L -0.1338583 0.5698819 -0.1338583 0.5797243 0 P 0
L -0.1375787 1.5397402 -0.0440749 1.5397402 0 P 0
L -0.1375787 1.7647402 -0.0440749 1.7647402 0 P 0
L -0.1377953 0.6210631 -0.1377953 0.6309055 0 P 0
L -0.1377953 0.7982284 -0.1377953 0.8080708 0 P 0
L -0.1387795 0.5748031 -0.1289371 0.5748031 0 P 0
L -0.1407278 2.282857 -0.1407278 2.2926994 0 P 0
L -0.1413557 2.5616313 -0.1413557 2.5714737 0 P 0
L -0.1417323 0.7076575 -0.1417323 0.7175393 0 P 0
L -0.1417323 2.7588583 -0.1417323 2.7687007 0 P 0
L -0.1427165 0.6259843 -0.1328741 0.6259843 0 P 0
L -0.1427165 0.8031496 -0.1328741 0.8031496 0 P 0
L -0.145649 2.2877782 -0.1358066 2.2877782 0 P 0
L -0.1462769 2.5665525 -0.1364345 2.5665525 0 P 0
L -0.1466535 2.7637795 -0.1368111 2.7637795 0 P 0
L -0.1466732 0.7125984 -0.1367914 0.7125984 0 P 0
L -0.1475197 0.7399174 -0.1475197 0.7497992 0 P 0
L -0.1508268 1.8202324 -0.1508268 1.859248 0 P 0
L -0.1524606 0.7448583 -0.1425788 0.7448583 0 P 0
L -0.1524761 2.8563544 -0.1524761 2.8661968 0 P 0
L -0.1538582 2.8928898 -0.1538582 2.9027322 0 P 0
L -0.1573973 2.8612756 -0.1475549 2.8612756 0 P 0
L -0.1587794 2.897811 -0.148937 2.897811 0 P 0
L -0.164029 0.9180617 -0.164029 0.9279041 0 P 0
L -0.1653543 2.2007874 -0.1653543 2.2086614 0 P 0
L -0.1689502 0.9229829 -0.1591078 0.9229829 0 P 0
L -0.1692913 1.3179134 -0.1692913 1.3277558 0 P 0
L -0.1692913 2.2047244 -0.1614173 2.2047244 0 P 0
L -0.1703346 1.8397402 -0.131319 1.8397402 0 P 0
L -0.1742125 1.3228346 -0.1643701 1.3228346 0 P 0
L -0.1829528 3.0115906 -0.1829528 3.021433 0 P 0
L -0.1850394 2.3533465 -0.1850394 2.3631889 0 P 0
L -0.1868898 2.6336379 -0.1868898 2.6434803 0 P 0
L -0.187874 3.0165118 -0.1780316 3.0165118 0 P 0
L -0.1899606 2.3582677 -0.1801182 2.3582677 0 P 0
L -0.1908268 1.5202324 -0.1908268 1.559248 0 P 0
L -0.1908268 1.8108032 -0.1908268 1.8206456 0 P 0
L -0.191811 2.6385591 -0.1819686 2.6385591 0 P 0
L -0.195748 1.8157244 -0.1859056 1.8157244 0 P 0
L -0.2047244 0.2982087 -0.2047244 0.3080905 0 P 0
L -0.2086614 0.9124016 -0.2086614 0.922244 0 P 0
L -0.2086614 1.1486221 -0.2086614 1.1584645 0 P 0
L -0.2096653 0.3031496 -0.1997835 0.3031496 0 P 0
L -0.2103346 1.5397402 -0.171319 1.5397402 0 P 0
L -0.2110672 1.2785237 -0.2110672 1.2884055 0 P 0
L -0.2135826 0.9173228 -0.2037402 0.9173228 0 P 0
L -0.2135826 1.1535433 -0.2037402 1.1535433 0 P 0
L -0.2141291 2.2355326 -0.2141291 2.245375 0 P 0
L -0.2145669 2.3248032 -0.2145669 2.3346456 0 P 0
L -0.2160081 1.2834646 -0.2061263 1.2834646 0 P 0
L -0.2190503 2.2404538 -0.2092079 2.2404538 0 P 0
L -0.2194881 2.3297244 -0.2096457 2.3297244 0 P 0
L -0.2223228 0.8462363 -0.2223228 0.8560787 0 P 0
L -0.2223228 2.9446615 -0.2223228 2.9545039 0 P 0
L -0.2223228 3.1493859 -0.2223228 3.1592283 0 P 0
L -0.2244094 2.617126 -0.2244094 2.6269684 0 P 0
L -0.2262598 2.9013544 -0.2262598 2.9111968 0 P 0
L -0.227244 0.8511575 -0.2174016 0.8511575 0 P 0
L -0.227244 2.9495827 -0.2174016 2.9495827 0 P 0
L -0.227244 3.1543071 -0.2174016 3.1543071 0 P 0
L -0.2293306 2.6220472 -0.2194882 2.6220472 0 P 0
L -0.2308268 1.8202324 -0.2308268 1.859248 0 P 0
L -0.231181 2.9062756 -0.2213386 2.9062756 0 P 0
L -0.2322835 1.0029528 -0.2322835 1.0127952 0 P 0
L -0.2322835 1.0541339 -0.2322835 1.0639763 0 P 0
L -0.2358703 2.1643701 -0.2358703 2.1742125 0 P 0
L -0.2362205 1.105315 -0.2362205 1.1151574 0 P 0
L -0.2372047 1.007874 -0.2273623 1.007874 0 P 0
L -0.2372047 1.0590551 -0.2273623 1.0590551 0 P 0
L -0.2380709 2.4958426 -0.2380709 2.505685 0 P 0
L -0.238189 1.6023623 -0.238189 1.6122047 0 P 0
L -0.238506 1.6652221 -0.238506 1.6750645 0 P 0
L -0.2407915 2.1692913 -0.2309491 2.1692913 0 P 0
L -0.2411417 1.1102362 -0.2312993 1.1102362 0 P 0
L -0.2429921 2.5007638 -0.2331497 2.5007638 0 P 0
L -0.2431102 1.6072835 -0.2332678 1.6072835 0 P 0
L -0.2434272 1.6701433 -0.2335848 1.6701433 0 P 0
L -0.2480315 0.577756 -0.2480315 0.5875984 0 P 0
L -0.2486676 3.1993859 -0.2486676 3.2092283 0 P 0
L -0.2498819 1.4013544 -0.2498819 1.4111968 0 P 0
L -0.2503346 1.8397402 -0.211319 1.8397402 0 P 0
L -0.251063 3.0915119 -0.251063 3.1013543 0 P 0
L -0.2529527 0.5826772 -0.2431103 0.5826772 0 P 0
L -0.2535888 3.2043071 -0.2437464 3.2043071 0 P 0
L -0.2548031 1.4062756 -0.2449607 1.4062756 0 P 0
L -0.2559842 3.0964331 -0.2461418 3.0964331 0 P 0
L -0.2598425 3.0265749 -0.2598425 3.0364173 0 P 0
L -0.2616929 2.8068662 -0.2616929 2.8167086 0 P 0
L -0.2647637 3.0314961 -0.2549213 3.0314961 0 P 0
L -0.2666141 2.8117874 -0.2567717 2.8117874 0 P 0
L -0.2677165 0.9753938 -0.2677165 0.9852362 0 P 0
L -0.2677165 2.9045276 -0.2677165 2.91437 0 P 0
L -0.2716535 0.2667126 -0.2716535 0.2765944 0 P 0
L -0.2716535 0.9124016 -0.2716535 0.922244 0 P 0
L -0.2726377 0.980315 -0.2627953 0.980315 0 P 0
L -0.2726377 2.9094488 -0.2627953 2.9094488 0 P 0
L -0.2727165 0.4178701 -0.2727165 0.4277519 0 P 0
L -0.2765747 0.9173228 -0.2667323 0.9173228 0 P 0
L -0.2765944 0.2716535 -0.2667126 0.2716535 0 P 0
L -0.2776574 0.422811 -0.2677756 0.422811 0 P 0
L -0.2790595 0.5439398 -0.2790595 0.5537822 0 P 0
L -0.2804631 1.6533229 -0.2804631 1.6631653 0 P 0
L -0.2834646 0.7824804 -0.2834646 0.7923228 0 P 0
L -0.2834646 0.8257875 -0.2834646 0.8356299 0 P 0
L -0.2839807 0.548861 -0.2741383 0.548861 0 P 0
L -0.2853843 1.6582441 -0.2755419 1.6582441 0 P 0
L -0.2883858 0.7874016 -0.2785434 0.7874016 0 P 0
L -0.2883858 0.8307087 -0.2785434 0.8307087 0 P 0
L -0.289252 2.4367875 -0.289252 2.4466299 0 P 0
L -0.2908268 1.4929883 -0.2908268 1.5864921 0 P 0
L -0.2908268 1.7179883 -0.2908268 1.8114921 0 P 0
L -0.2913386 -0.0055873 -0.2913386 0.0042551 0 P 0
L -0.2941732 2.4417087 -0.2843308 2.4417087 0 P 0
L -0.2952756 1.4202757 -0.2952756 1.4301181 0 P 0
L -0.2962598 -0.0006661 -0.2864174 -0.0006661 0 P 0
L -0.2992126 1.1368111 -0.2992126 1.1466535 0 P 0
L -0.3001968 1.4251969 -0.2903544 1.4251969 0 P 0
L -0.3017716 2.7231166 -0.3017716 2.732959 0 P 0
L -0.3031496 0.3887796 -0.3031496 0.398622 0 P 0
L -0.3041338 1.1417323 -0.2942914 1.1417323 0 P 0
L -0.3048424 2.5078111 -0.3048424 2.5176535 0 P 0
L -0.3066928 2.7280378 -0.2968504 2.7280378 0 P 0
L -0.3080708 0.3937008 -0.2982284 0.3937008 0 P 0
L -0.3097636 2.5127323 -0.2999212 2.5127323 0 P 0
L -0.3149606 -0.1072834 -0.3149606 -0.097441 0 P 0
L -0.3198818 -0.1023622 -0.3100394 -0.1023622 0 P 0
L -0.320748 0.3501733 -0.320748 0.3600157 0 P 0
L -0.3256692 0.3550945 -0.3158268 0.3550945 0 P 0
L -0.3265451 3.0184996 -0.3265451 3.028342 0 P 0
L -0.3267717 1.105315 -0.3267717 1.1151574 0 P 0
L -0.3307087 2.4360237 -0.3307087 2.4458661 0 P 0
L -0.3314663 3.0234208 -0.3216239 3.0234208 0 P 0
L -0.3316929 -0.0088582 -0.3316929 0.0009842 0 P 0
L -0.3316929 1.1102362 -0.3218505 1.1102362 0 P 0
L -0.3342691 0.9364003 -0.3342691 0.9462427 0 P 0
L -0.3348424 2.7215504 -0.3348424 2.7313928 0 P 0
L -0.3356299 2.4409449 -0.3257875 2.4409449 0 P 0
L -0.3366141 -0.003937 -0.3267717 -0.003937 0 P 0
L -0.3375787 1.5397402 -0.2440749 1.5397402 0 P 0
L -0.3375787 1.7647402 -0.2440749 1.7647402 0 P 0
L -0.3391903 0.9413215 -0.3293479 0.9413215 0 P 0
L -0.3397636 2.7264716 -0.3299212 2.7264716 0 P 0
L -0.3425197 1.4202757 -0.3425197 1.4301181 0 P 0
L -0.345 0.1060788 -0.345 0.1159212 0 P 0
L -0.345 0.1360788 -0.345 0.1459212 0 P 0
L -0.345 0.1660788 -0.345 0.1759212 0 P 0
L -0.345 0.1960788 -0.345 0.2059212 0 P 0
L -0.345 0.2260788 -0.345 0.2359212 0 P 0
L -0.345 0.2560788 -0.345 0.2659212 0 P 0
L -0.345 0.2849105 -0.345 0.2947529 0 P 0
L -0.345 0.3160524 -0.345 0.3258948 0 P 0
L -0.3474409 1.4251969 -0.3375985 1.4251969 0 P 0
L -0.3499212 0.111 -0.3400788 0.111 0 P 0
L -0.3499212 0.141 -0.3400788 0.141 0 P 0
L -0.3499212 0.171 -0.3400788 0.171 0 P 0
L -0.3499212 0.201 -0.3400788 0.201 0 P 0
L -0.3499212 0.231 -0.3400788 0.231 0 P 0
L -0.3499212 0.261 -0.3400788 0.261 0 P 0
L -0.3499212 0.2898317 -0.3400788 0.2898317 0 P 0
L -0.3499212 0.3209736 -0.3400788 0.3209736 0 P 0
L -0.3503937 1.0541339 -0.3503937 1.0639763 0 P 0
L -0.3522441 2.5430867 -0.3522441 2.5529291 0 P 0
L -0.3543307 0.9753938 -0.3543307 0.9852362 0 P 0
L -0.3543701 3.1454489 -0.3543701 3.1552913 0 P 0
L -0.3553149 1.0590551 -0.3454725 1.0590551 0 P 0
L -0.3571653 2.5480079 -0.3473229 2.5480079 0 P 0
L -0.3582677 1.1564961 -0.3582677 1.1663385 0 P 0
L -0.3592519 0.980315 -0.3494095 0.980315 0 P 0
L -0.3592913 3.1503701 -0.3494489 3.1503701 0 P 0
L -0.3609055 3.0232336 -0.3609055 3.033076 0 P 0
L -0.3622047 2.2903544 -0.3622047 2.3001968 0 P 0
L -0.3631889 1.1614173 -0.3533465 1.1614173 0 P 0
L -0.3658267 3.0281548 -0.3559843 3.0281548 0 P 0
L -0.3671259 2.2952756 -0.3572835 2.2952756 0 P 0
L 0 -0.05 0 0.05 0 P 0
L 0.0068898 0.9645669 0.0167322 0.9645669 0 P 0
L 0.0078741 0.5659449 0.0177165 0.5659449 0 P 0
L 0.0108268 3.1062992 0.0206692 3.1062992 0 P 0
L 0.011811 0.9596457 0.011811 0.9694881 0 P 0
L 0.0127953 0.5610237 0.0127953 0.5708661 0 P 0
L 0.0129569 0.3661417 0.0227993 0.3661417 0 P 0
L 0.0147638 0.4251969 0.0246062 0.4251969 0 P 0
L 0.0147638 0.4685039 0.0246062 0.4685039 0 P 0
L 0.015748 3.101378 0.015748 3.1112204 0 P 0
L 0.0168505 3.3039134 0.0266929 3.3039134 0 P 0
L 0.0178781 0.3612205 0.0178781 0.3710629 0 P 0
L 0.0187008 1.1456693 0.0285432 1.1456693 0 P 0
L 0.019685 0.4202757 0.019685 0.4301181 0 P 0
L 0.019685 0.4635827 0.019685 0.4734251 0 P 0
L 0.0217717 3.2989922 0.0217717 3.3088346 0 P 0
L 0.0229527 2.8896929 0.0579921 2.8896929 0 P 0
L 0.023622 1.1407481 0.023622 1.1505905 0 P 0
L 0.0247245 2.6818661 0.0345669 2.6818661 0 P 0
L 0.0253634 2.7622253 0.0352058 2.7622253 0 P 0
L 0.0265749 0.9251969 0.0364173 0.9251969 0 P 0
L 0.0296457 2.6769449 0.0296457 2.6867873 0 P 0
L 0.0302846 2.7573041 0.0302846 2.7671465 0 P 0
L 0.0314961 0.9202757 0.0314961 0.9301181 0 P 0
L 0.0383859 0.8307087 0.0482283 0.8307087 0 P 0
L 0.0404724 2.8721732 0.0404724 2.9072126 0 P 0
L 0.0423229 -0.0944882 0.0521653 -0.0944882 0 P 0
L 0.0433071 0.8257875 0.0433071 0.8356299 0 P 0
L 0.0462599 3.1535433 0.0561023 3.1535433 0 P 0
L 0.0472441 -0.0994094 0.0472441 -0.089567 0 P 0
L 0.0501969 1.0826772 0.0600393 1.0826772 0 P 0
L 0.0511811 3.1486221 0.0511811 3.1584645 0 P 0
L 0.0511812 1.4783465 0.0610236 1.4783465 0 P 0
L 0.0522835 3.0204488 0.0621259 3.0204488 0 P 0
L 0.0551181 1.077756 0.0551181 1.0875984 0 P 0
L 0.0561024 1.4734253 0.0561024 1.4832677 0 P 0
L 0.0562205 1.130685 0.0660629 1.130685 0 P 0
L 0.0572047 3.0155276 0.0572047 3.02537 0 P 0
L 0.0611417 1.1257638 0.0611417 1.1356062 0 P 0
L 0.0620079 0.5659449 0.0718503 0.5659449 0 P 0
L 0.0620079 0.7165354 0.0718503 0.7165354 0 P 0
L 0.063895 2.0547725 0.0737374 2.0547725 0 P 0
L 0.0659449 0.6102362 0.0757873 0.6102362 0 P 0
L 0.0669291 0.5610237 0.0669291 0.5708661 0 P 0
L 0.0669291 0.7116142 0.0669291 0.7214566 0 P 0
L 0.0688162 2.0498513 0.0688162 2.0596937 0 P 0
L 0.0698819 -0.0472441 0.0797243 -0.0472441 0 P 0
L 0.0698819 0.7992126 0.0797243 0.7992126 0 P 0
L 0.0698819 0.8622047 0.0797243 0.8622047 0 P 0
L 0.0708661 0.605315 0.0708661 0.6151574 0 P 0
L 0.0719686 2.9653307 0.081811 2.9653307 0 P 0
L 0.0748031 -0.0521653 0.0748031 -0.0423229 0 P 0
L 0.0748031 0.7942914 0.0748031 0.8041338 0 P 0
L 0.0748031 0.8572835 0.0748031 0.8671259 0 P 0
L 0.0768898 2.9604095 0.0768898 2.9702519 0 P 0
L 0.0798425 3.0795039 0.0896849 3.0795039 0 P 0
L 0.0798426 1.1818661 0.089685 1.1818661 0 P 0
L 0.0846884 1.0618799 0.0945308 1.0618799 0 P 0
L 0.0847637 3.0745827 0.0847637 3.0844251 0 P 0
L 0.0847638 1.1769449 0.0847638 1.1867873 0 P 0
L 0.0850788 3.331 0.0949212 3.331 0 P 0
L 0.08563 0.988189 0.0954724 0.988189 0 P 0
L 0.0895473 0.3622047 0.0994291 0.3622047 0 P 0
L 0.0896096 1.0569587 0.0896096 1.0668011 0 P 0
L 0.09 3.3260788 0.09 3.3359212 0 P 0
L 0.0905512 0.9832678 0.0905512 0.9931102 0 P 0
L 0.0916536 2.591315 0.101496 2.591315 0 P 0
L 0.0944882 0.3572638 0.0944882 0.3671456 0 P 0
L 0.0965748 2.5863938 0.0965748 2.5962362 0 P 0
L 0.0985434 1.2300944 0.1083858 1.2300944 0 P 0
L 0.101378 0.5275591 0.1112204 0.5275591 0 P 0
L 0.1022474 2.9628445 0.1120898 2.9628445 0 P 0
L 0.1034646 1.2251732 0.1034646 1.2350156 0 P 0
L 0.105315 0.8267717 0.1151574 0.8267717 0 P 0
L 0.105315 1.6023622 0.1151574 1.6023622 0 P 0
L 0.105315 1.644685 0.1151574 1.644685 0 P 0
L 0.1062992 0.5226379 0.1062992 0.5324803 0 P 0
L 0.1071686 2.9579233 0.1071686 2.9677657 0 P 0
L 0.1074016 3.0795039 0.117244 3.0795039 0 P 0
L 0.1102362 0.8218505 0.1102362 0.8316929 0 P 0
L 0.1102362 1.597441 0.1102362 1.6072834 0 P 0
L 0.1102362 1.6397638 0.1102362 1.6496062 0 P 0
L 0.1113386 3.2606063 0.121181 3.2606063 0 P 0
L 0.1123228 3.0745827 0.1123228 3.0844251 0 P 0
L 0.1162598 3.2556851 0.1162598 3.2655275 0 P 0
L 0.1250001 0.9436082 0.1348425 0.9436082 0 P 0
L 0.1250001 1.6811024 0.1348425 1.6811024 0 P 0
L 0.1270867 2.9298976 0.1369291 2.9298976 0 P 0
L 0.1299213 0.938687 0.1299213 0.9485294 0 P 0
L 0.1299213 1.6761812 0.1299213 1.6860236 0 P 0
L 0.1310236 3.1700551 0.140866 3.1700551 0 P 0
L 0.1310237 2.7684803 0.1408661 2.7684803 0 P 0
L 0.1320079 2.9249764 0.1320079 2.9348188 0 P 0
L 0.1328151 0.3732914 0.1426969 0.3732914 0 P 0
L 0.1328741 2.1614173 0.1427165 2.1614173 0 P 0
L 0.1328741 2.6102362 0.1427165 2.6102362 0 P 0
L 0.1359448 3.1651339 0.1359448 3.1749763 0 P 0
L 0.1359449 2.7635591 0.1359449 2.7734015 0 P 0
L 0.1368111 0.9055118 0.1466535 0.9055118 0 P 0
L 0.137756 0.3683505 0.137756 0.3782323 0 P 0
L 0.1377953 2.1564961 0.1377953 2.1663385 0 P 0
L 0.1377953 2.605315 0.1377953 2.6151574 0 P 0
L 0.1407481 1.7185039 0.1505905 1.7185039 0 P 0
L 0.1407481 2.2401575 0.1505905 2.2401575 0 P 0
L 0.1417323 0.9005906 0.1417323 0.910433 0 P 0
L 0.1446851 1.2913386 0.1545275 1.2913386 0 P 0
L 0.1456693 1.7135827 0.1456693 1.7234251 0 P 0
L 0.1456693 2.2352363 0.1456693 2.2450787 0 P 0
L 0.1467716 3.0795039 0.156614 3.0795039 0 P 0
L 0.1496063 1.2864174 0.1496063 1.2962598 0 P 0
L 0.1507087 1.2054882 0.1605511 1.2054882 0 P 0
L 0.1516928 3.0745827 0.1516928 3.0844251 0 P 0
L 0.1530544 2.9643173 0.1628968 2.9643173 0 P 0
L 0.1556299 1.200567 0.1556299 1.2104094 0 P 0
L 0.1564961 0.9527559 0.1663385 0.9527559 0 P 0
L 0.1579756 2.9593961 0.1579756 2.9692385 0 P 0
L 0.1614173 0.9478347 0.1614173 0.9576771 0 P 0
L 0.1625197 3.3039134 0.1723621 3.3039134 0 P 0
L 0.1674409 3.2989922 0.1674409 3.3088346 0 P 0
L 0.1683071 2.5866142 0.1781495 2.5866142 0 P 0
L 0.1732283 2.581693 0.1732283 2.5915354 0 P 0
L 0.1743308 2.1621811 0.1841732 2.1621811 0 P 0
L 0.1782678 2.9298976 0.1881102 2.9298976 0 P 0
L 0.179252 2.1572599 0.179252 2.1671023 0 P 0
L 0.183189 2.9249764 0.183189 2.9348188 0 P 0
L 0.1840552 2.2401575 0.1938976 2.2401575 0 P 0
L 0.1889764 2.2352363 0.1889764 2.2450787 0 P 0
L 0.1940158 0.8787165 0.2038582 0.8787165 0 P 0
L 0.198937 0.8737953 0.198937 0.8836377 0 P 0
L 0.1998032 1.5984252 0.2096456 1.5984252 0 P 0
L 0.2004773 2.9639182 0.2103197 2.9639182 0 P 0
L 0.2018898 3.0637559 0.2117322 3.0637559 0 P 0
L 0.2047244 1.593504 0.2047244 1.6033464 0 P 0
L 0.2053985 2.958997 0.2053985 2.9688394 0 P 0
L 0.206811 3.0588347 0.206811 3.0686771 0 P 0
L 0.2076772 0.2755906 0.2175196 0.2755906 0 P 0
L 0.2086615 0.7972441 0.2185039 0.7972441 0 P 0
L 0.2116142 3.3661417 0.2214566 3.3661417 0 P 0
L 0.2125984 0.2706694 0.2125984 0.2805118 0 P 0
L 0.2135827 0.7923229 0.2135827 0.8021653 0 P 0
L 0.2155512 2.2401575 0.2253936 2.2401575 0 P 0
L 0.2165354 3.3612205 0.2165354 3.3710629 0 P 0
L 0.2194882 1.3031496 0.2293306 1.3031496 0 P 0
L 0.2204724 2.2352363 0.2204724 2.2450787 0 P 0
L 0.2244094 1.2982284 0.2244094 1.3080708 0 P 0
L 0.2244095 2.5797244 0.2342519 2.5797244 0 P 0
L 0.2273623 2.0590551 0.2372047 2.0590551 0 P 0
L 0.2275788 2.9306909 0.2374212 2.9306909 0 P 0
L 0.2283465 2.1712598 0.2381889 2.1712598 0 P 0
L 0.2293307 2.5748032 0.2293307 2.5846456 0 P 0
L 0.2322835 2.0541339 0.2322835 2.0639763 0 P 0
L 0.2325 2.9257697 0.2325 2.9356121 0 P 0
L 0.2332677 2.1663386 0.2332677 2.176181 0 P 0
L 0.2333859 0.8984016 0.2432283 0.8984016 0 P 0
L 0.2383071 0.8934804 0.2383071 0.9033228 0 P 0
L 0.2427558 3.2999764 0.2525982 3.2999764 0 P 0
L 0.2451969 3.1661181 0.2550393 3.1661181 0 P 0
L 0.247408 2.6838605 0.2572504 2.6838605 0 P 0
L 0.247677 3.2950552 0.247677 3.3048976 0 P 0
L 0.2501181 3.1611969 0.2501181 3.1710393 0 P 0
L 0.2523292 2.6789393 0.2523292 2.6887817 0 P 0
L 0.2525788 2.9641752 0.2624212 2.9641752 0 P 0
L 0.2530709 2.0243858 0.2629133 2.0243858 0 P 0
L 0.2553144 3.0614965 0.2651568 3.0614965 0 P 0
L 0.2570079 2.2999764 0.2668503 2.2999764 0 P 0
L 0.2575 2.959254 0.2575 2.9690964 0 P 0
L 0.2579921 2.0194646 0.2579921 2.029307 0 P 0
L 0.2602356 3.0565753 0.2602356 3.0664177 0 P 0
L 0.2609449 3.134622 0.2707873 3.134622 0 P 0
L 0.2609449 3.3669055 0.2707873 3.3669055 0 P 0
L 0.2619291 2.2950552 0.2619291 2.3048976 0 P 0
L 0.2627953 0.2874016 0.2726377 0.2874016 0 P 0
L 0.2627953 0.3307087 0.2726377 0.3307087 0 P 0
L 0.2658661 3.1297008 0.2658661 3.1395432 0 P 0
L 0.2658661 3.3619843 0.2658661 3.3718267 0 P 0
L 0.2677165 0.2824804 0.2677165 0.2923228 0 P 0
L 0.2677165 0.3257875 0.2677165 0.3356299 0 P 0
L 0.268819 0.9259606 0.2786614 0.9259606 0 P 0
L 0.2737402 0.9210394 0.2737402 0.9308818 0 P 0
L 0.2746064 2.4173228 0.2844488 2.4173228 0 P 0
L 0.2765749 0.8858268 0.2864173 0.8858268 0 P 0
L 0.2785434 2.0590551 0.2883858 2.0590551 0 P 0
L 0.2785434 2.5748031 0.2883858 2.5748031 0 P 0
L 0.2795276 2.4124016 0.2795276 2.422244 0 P 0
L 0.2814961 0.8809056 0.2814961 0.890748 0 P 0
L 0.2834646 2.0541339 0.2834646 2.0639763 0 P 0
L 0.2834646 2.5698819 0.2834646 2.5797243 0 P 0
L 0.2863977 0.5669291 0.2962795 0.5669291 0 P 0
L 0.2864174 3.0787401 0.2962598 3.0787401 0 P 0
L 0.2903544 0.2440945 0.3001968 0.2440945 0 P 0
L 0.2903544 1.4645669 0.3001968 1.4645669 0 P 0
L 0.2903544 2.9173228 0.3001968 2.9173228 0 P 0
L 0.2903544 2.9448819 0.3001968 2.9448819 0 P 0
L 0.2903544 3.1811024 0.3001968 3.1811024 0 P 0
L 0.2913386 0.5619882 0.2913386 0.57187 0 P 0
L 0.2913386 3.0738189 0.2913386 3.0836613 0 P 0
L 0.292441 2.7251732 0.3022834 2.7251732 0 P 0
L 0.2942914 -0.1456693 0.3041338 -0.1456693 0 P 0
L 0.2952756 0.2391733 0.2952756 0.2490157 0 P 0
L 0.2952756 1.4596457 0.2952756 1.4694881 0 P 0
L 0.2952756 2.6850394 0.3031496 2.6850394 0 P 0
L 0.2952756 2.9124016 0.2952756 2.922244 0 P 0
L 0.2952756 2.9399607 0.2952756 2.9498031 0 P 0
L 0.2952756 3.1761812 0.2952756 3.1860236 0 P 0
L 0.296378 1.1858031 0.3062204 1.1858031 0 P 0
L 0.2973622 2.720252 0.2973622 2.7300944 0 P 0
L 0.2982284 -0.019685 0.3080708 -0.019685 0 P 0
L 0.2982284 2.8070866 0.3080708 2.8070866 0 P 0
L 0.2992126 -0.1505905 0.2992126 -0.1407481 0 P 0
L 0.2992126 2.6811024 0.2992126 2.6889764 0 P 0
L 0.300315 0.8039134 0.3101574 0.8039134 0 P 0
L 0.3011812 0.8533465 0.3110236 0.8533465 0 P 0
L 0.3012992 1.1808819 0.3012992 1.1907243 0 P 0
L 0.3031496 -0.0246062 0.3031496 -0.0147638 0 P 0
L 0.3031496 2.523622 0.3110236 2.523622 0 P 0
L 0.3031496 2.8021654 0.3031496 2.8120078 0 P 0
L 0.3052362 0.7989922 0.3052362 0.8088346 0 P 0
L 0.3061024 0.3307087 0.3159448 0.3307087 0 P 0
L 0.3061024 0.8484253 0.3061024 0.8582677 0 P 0
L 0.3061024 2.0905512 0.3159448 2.0905512 0 P 0
L 0.3070866 2.496063 0.3149606 2.496063 0 P 0
L 0.3070866 2.519685 0.3070866 2.527559 0 P 0
L 0.308189 2.3944646 0.3180314 2.3944646 0 P 0
L 0.3090552 0.2795276 0.3188976 0.2795276 0 P 0
L 0.3110236 0.3257875 0.3110236 0.3356299 0 P 0
L 0.3110236 2.08563 0.3110236 2.0954724 0 P 0
L 0.3110236 2.492126 0.3110236 2.5 0 P 0
L 0.3131102 2.3895434 0.3131102 2.3993858 0 P 0
L 0.3139764 0.2746064 0.3139764 0.2844488 0 P 0
L 0.3139764 3.0787401 0.3238188 3.0787401 0 P 0
L 0.3139764 3.3267717 0.3238188 3.3267717 0 P 0
L 0.3160631 0.6897402 0.3259055 0.6897402 0 P 0
L 0.3179134 2.0511811 0.3277558 2.0511811 0 P 0
L 0.3188976 3.0738189 0.3188976 3.0836613 0 P 0
L 0.3188976 3.3218505 0.3188976 3.3316929 0 P 0
L 0.3200001 2.2724173 0.3298425 2.2724173 0 P 0
L 0.3209843 0.684819 0.3209843 0.6946614 0 P 0
L 0.3218308 0.5866142 0.3317126 0.5866142 0 P 0
L 0.3228346 2.0462599 0.3228346 2.0561023 0 P 0
L 0.3249213 2.2674961 0.3249213 2.2773385 0 P 0
L 0.3267717 0.5816733 0.3267717 0.5915551 0 P 0
L 0.3318111 3.1661181 0.3416535 3.1661181 0 P 0
L 0.3318111 3.2606063 0.3416535 3.2606063 0 P 0
L 0.3320079 2.8896929 0.3670473 2.8896929 0 P 0
L 0.3336615 0.2244094 0.3435039 0.2244094 0 P 0
L 0.3367323 3.1611969 0.3367323 3.1710393 0 P 0
L 0.3367323 3.2556851 0.3367323 3.2655275 0 P 0
L 0.3385827 0.2194882 0.3385827 0.2293306 0 P 0
L 0.3385827 2.6377953 0.3464567 2.6377953 0 P 0
L 0.3385827 2.7244094 0.3464567 2.7244094 0 P 0
L 0.3396851 2.1543071 0.3495275 2.1543071 0 P 0
L 0.34 0 0.44 0 0 P 0
L 0.3415355 -0.2086614 0.3513779 -0.2086614 0 P 0
L 0.3425197 2.5275591 0.3503937 2.5275591 0 P 0
L 0.3425197 2.6338583 0.3425197 2.6417323 0 P 0
L 0.3425197 2.7204724 0.3425197 2.7283464 0 P 0
L 0.343504 0.3100394 0.3533464 0.3100394 0 P 0
L 0.3446063 2.1493859 0.3446063 2.1592283 0 P 0
L 0.3449804 1.5147638 0.3548228 1.5147638 0 P 0
L 0.3454725 3.0748031 0.3553149 3.0748031 0 P 0
L 0.3464567 -0.2135826 0.3464567 -0.2037402 0 P 0
L 0.3464567 2.5236221 0.3464567 2.5314961 0 P 0
L 0.3479135 0.8082048 0.3577559 0.8082048 0 P 0
L 0.3484252 0.3051182 0.3484252 0.3149606 0 P 0
L 0.3494095 -0.1535433 0.3592519 -0.1535433 0 P 0
L 0.3494095 0.2677165 0.3592519 0.2677165 0 P 0
L 0.3495276 2.8721732 0.3495276 2.9072126 0 P 0
L 0.3499016 1.5098426 0.3499016 1.519685 0 P 0
L 0.3503937 3.0698819 0.3503937 3.0797243 0 P 0
L 0.3528347 0.8032836 0.3528347 0.813126 0 P 0
L 0.3533465 2.996063 0.3631889 2.996063 0 P 0
L 0.3543307 -0.1584645 0.3543307 -0.1486221 0 P 0
L 0.3543307 0.2627953 0.3543307 0.2726377 0 P 0
L 0.3572835 0.1309055 0.3671259 0.1309055 0 P 0
L 0.3572835 0.1889764 0.3671259 0.1889764 0 P 0
L 0.3572835 0.3858268 0.3671259 0.3858268 0 P 0
L 0.3582677 2.9911418 0.3582677 3.0009842 0 P 0
L 0.3612205 -0.0905512 0.3710629 -0.0905512 0 P 0
L 0.3612205 2.9566929 0.3710629 2.9566929 0 P 0
L 0.3622047 0.1259843 0.3622047 0.1358267 0 P 0
L 0.3622047 0.1840552 0.3622047 0.1938976 0 P 0
L 0.3622047 0.3809056 0.3622047 0.390748 0 P 0
L 0.3661417 -0.0954724 0.3661417 -0.08563 0 P 0
L 0.3661417 2.9517717 0.3661417 2.9616141 0 P 0
L 0.3698789 3.0834409 0.3797213 3.0834409 0 P 0
L 0.3719686 2.107063 0.381811 2.107063 0 P 0
L 0.3730316 1.4330709 0.382874 1.4330709 0 P 0
L 0.373343 3.1670021 0.3831854 3.1670021 0 P 0
L 0.3748001 3.0785197 0.3748001 3.0883621 0 P 0
L 0.3759843 3.2283465 0.3858267 3.2283465 0 P 0
L 0.3768898 2.1021418 0.3768898 2.1119842 0 P 0
L 0.3779528 1.4281497 0.3779528 1.4379921 0 P 0
L 0.3782642 3.1620809 0.3782642 3.1719233 0 P 0
L 0.3789371 0.4183071 0.3887795 0.4183071 0 P 0
L 0.3789371 0.4576772 0.3887795 0.4576772 0 P 0
L 0.3790552 0.4968268 0.3888976 0.4968268 0 P 0
L 0.3809055 3.2234253 0.3809055 3.2332677 0 P 0
L 0.3818898 2.5275591 0.3897638 2.5275591 0 P 0
L 0.3818898 2.8110236 0.3897638 2.8110236 0 P 0
L 0.3838583 0.4133859 0.3838583 0.4232283 0 P 0
L 0.3838583 0.452756 0.3838583 0.4625984 0 P 0
L 0.3839764 0.4919056 0.3839764 0.501748 0 P 0
L 0.3858268 2.5236221 0.3858268 2.5314961 0 P 0
L 0.3858268 2.8070866 0.3858268 2.8149606 0 P 0
L 0.3887796 0.1574803 0.398622 0.1574803 0 P 0
L 0.3887796 0.2795276 0.398622 0.2795276 0 P 0
L 0.39 -0.05 0.39 0.05 0 P 0
L 0.3908662 0.6897402 0.4007086 0.6897402 0 P 0
L 0.3927166 0.2204724 0.402559 0.2204724 0 P 0
L 0.3927166 0.3661417 0.402559 0.3661417 0 P 0
L 0.3937008 0.1525591 0.3937008 0.1624015 0 P 0
L 0.3937008 0.2746064 0.3937008 0.2844488 0 P 0
L 0.3957874 0.684819 0.3957874 0.6946614 0 P 0
L 0.3976378 0.2155512 0.3976378 0.2253936 0 P 0
L 0.3976378 0.3612205 0.3976378 0.3710629 0 P 0
L 0.4005906 -0.1535433 0.410433 -0.1535433 0 P 0
L 0.4005906 -0.2086614 0.410433 -0.2086614 0 P 0
L 0.4005906 1.6417323 0.410433 1.6417323 0 P 0
L 0.402699 1.5025968 0.4125414 1.5025968 0 P 0
L 0.4045276 0.0944882 0.41437 0.0944882 0 P 0
L 0.4055118 -0.1584645 0.4055118 -0.1486221 0 P 0
L 0.4055118 -0.2135826 0.4055118 -0.2037402 0 P 0
L 0.4055118 1.6368111 0.4055118 1.6466535 0 P 0
L 0.4076202 1.4976756 0.4076202 1.507518 0 P 0
L 0.4094488 0.089567 0.4094488 0.0994094 0 P 0
L 0.4120448 0.7998901 0.4218872 0.7998901 0 P 0
L 0.4124016 1.4370079 0.422244 1.4370079 0 P 0
L 0.4137245 1.0629921 0.4235669 1.0629921 0 P 0
L 0.416966 0.7949689 0.416966 0.8048113 0 P 0
L 0.4173228 1.4320867 0.4173228 1.4419291 0 P 0
L 0.4186457 1.0580709 0.4186457 1.0679133 0 P 0
L 0.4202757 1.5314961 0.4301181 1.5314961 0 P 0
L 0.4242127 0.2598425 0.4340551 0.2598425 0 P 0
L 0.4242127 1.4685039 0.4340551 1.4685039 0 P 0
L 0.4251969 1.5265749 0.4251969 1.5364173 0 P 0
L 0.4262993 0.6582441 0.4361417 0.6582441 0 P 0
L 0.4281497 0.4173228 0.4379921 0.4173228 0 P 0
L 0.4281497 1.1220472 0.4379921 1.1220472 0 P 0
L 0.4291339 0.1692913 0.4389763 0.1692913 0 P 0
L 0.4291339 0.2549213 0.4291339 0.2647637 0 P 0
L 0.4291339 1.4635827 0.4291339 1.4734251 0 P 0
L 0.4301182 0.4576772 0.4399606 0.4576772 0 P 0
L 0.4302363 0.4968268 0.4400787 0.4968268 0 P 0
L 0.4311416 0.9428097 0.440984 0.9428097 0 P 0
L 0.4312205 0.6533229 0.4312205 0.6631653 0 P 0
L 0.4320867 0.976378 0.4419291 0.976378 0 P 0
L 0.432602 0.9172609 0.4424444 0.9172609 0 P 0
L 0.4330709 0.4124016 0.4330709 0.422244 0 P 0
L 0.4330709 1.117126 0.4330709 1.1269684 0 P 0
L 0.4340551 0.1643701 0.4340551 0.1742125 0 P 0
L 0.4350394 0.452756 0.4350394 0.4625984 0 P 0
L 0.4351575 0.4919056 0.4351575 0.501748 0 P 0
L 0.4360237 0.2204724 0.4458661 0.2204724 0 P 0
L 0.4360237 0.3267717 0.4458661 0.3267717 0 P 0
L 0.4360628 0.9378885 0.4360628 0.9477309 0 P 0
L 0.4370079 0.9714568 0.4370079 0.9812992 0 P 0
L 0.4375232 0.9123397 0.4375232 0.9221821 0 P 0
L 0.4409449 0.2155512 0.4409449 0.2253936 0 P 0
L 0.4409449 0.3218505 0.4409449 0.3316929 0 P 0
L 0.4438977 0.0590551 0.4537401 0.0590551 0 P 0
L 0.4438977 1.6023622 0.4537401 1.6023622 0 P 0
L 0.4458662 1.3887795 0.4557086 1.3887795 0 P 0
L 0.4488189 0.0541339 0.4488189 0.0639763 0 P 0
L 0.4488189 1.597441 0.4488189 1.6072834 0 P 0
L 0.4507874 1.3838583 0.4507874 1.3937007 0 P 0
L 0.4557087 -0.1456693 0.4655511 -0.1456693 0 P 0
L 0.4606299 -0.1505905 0.4606299 -0.1407481 0 P 0
L 0.4635827 0.5748031 0.4734251 0.5748031 0 P 0
L 0.4665355 0.2687008 0.4763779 0.2687008 0 P 0
L 0.4675197 -0.011811 0.4773621 -0.011811 0 P 0
L 0.4685039 0.5698819 0.4685039 0.5797243 0 P 0
L 0.4705906 0.1936063 0.480433 0.1936063 0 P 0
L 0.4714567 0.2637796 0.4714567 0.273622 0 P 0
L 0.4724409 -0.0167322 0.4724409 -0.0068898 0 P 0
L 0.4755118 0.1886851 0.4755118 0.1985275 0 P 0
L 0.4793308 0.6496063 0.4891732 0.6496063 0 P 0
L 0.484252 0.6446851 0.484252 0.6545275 0 P 0
L 0.4852363 0.2312992 0.4950787 0.2312992 0 P 0
L 0.4872048 0.0551181 0.4970472 0.0551181 0 P 0
L 0.4872048 0.3070866 0.4970472 0.3070866 0 P 0
L 0.4901575 0.226378 0.4901575 0.2362204 0 P 0
L 0.4901575 1.3464567 0.4999999 1.3464567 0 P 0
L 0.492126 0.0501969 0.492126 0.0600393 0 P 0
L 0.492126 0.3021654 0.492126 0.3120078 0 P 0
L 0.4950787 1.3415355 0.4950787 1.3513779 0 P 0
L 0.5089764 0.5716299 0.5188188 0.5716299 0 P 0
L 0.5118111 0.2677165 0.5216535 0.2677165 0 P 0
L 0.5138976 0.5667087 0.5138976 0.5765511 0 P 0
L 0.5147638 1.386811 0.5246062 1.386811 0 P 0
L 0.5167323 0.2627953 0.5167323 0.2726377 0 P 0
L 0.5187008 1.1850394 0.5285432 1.1850394 0 P 0
L 0.5187009 0.8622047 0.5285433 0.8622047 0 P 0
L 0.519685 1.3818898 0.519685 1.3917322 0 P 0
L 0.5226379 0.7992126 0.5324803 0.7992126 0 P 0
L 0.523622 1.1801182 0.523622 1.1899606 0 P 0
L 0.5236221 0.8572835 0.5236221 0.8671259 0 P 0
L 0.5275591 0.7942914 0.5275591 0.8041338 0 P 0
L 0.5365355 1.2369843 0.5463779 1.2369843 0 P 0
L 0.5365355 1.2645433 0.5463779 1.2645433 0 P 0
L 0.5383859 1.5551181 0.5482283 1.5551181 0 P 0
L 0.5414567 1.2320631 0.5414567 1.2419055 0 P 0
L 0.5414567 1.2596221 0.5414567 1.2694645 0 P 0
L 0.5433071 1.5501969 0.5433071 1.5600393 0 P 0
L 0.5462402 0.4212598 0.556122 0.4212598 0 P 0
L 0.5462599 1.0905512 0.5561023 1.0905512 0 P 0
L 0.5462599 1.1259843 0.5561023 1.1259843 0 P 0
L 0.5462599 1.2125984 0.5561023 1.2125984 0 P 0
L 0.5511811 0.4163189 0.5511811 0.4262007 0 P 0
L 0.5511811 1.08563 0.5511811 1.0954724 0 P 0
L 0.5511811 1.1210631 0.5511811 1.1309055 0 P 0
L 0.5511811 1.2076772 0.5511811 1.2175196 0 P 0
L 0.5551182 1.3759843 0.5649606 1.3759843 0 P 0
L 0.5580709 0.8503937 0.5679133 0.8503937 0 P 0
L 0.5600394 1.3710631 0.5600394 1.3809055 0 P 0
L 0.5620079 1.3110236 0.5718503 1.3110236 0 P 0
L 0.5629921 0.8454725 0.5629921 0.8553149 0 P 0
L 0.5669291 1.3061024 0.5669291 1.3159448 0 P 0
L 0.5691182 1.5808268 0.5789606 1.5808268 0 P 0
L 0.5740394 1.5759056 0.5740394 1.585748 0 P 0
L 0.575514 1.1675963 0.5853564 1.1675963 0 P 0
L 0.5804352 1.1626751 0.5804352 1.1725175 0 P 0
L 0.581693 -0.0275591 0.5915354 -0.0275591 0 P 0
L 0.581693 0.3070866 0.5915354 0.3070866 0 P 0
L 0.581693 0.8858268 0.5915354 0.8858268 0 P 0
L 0.581693 0.9212598 0.5915354 0.9212598 0 P 0
L 0.581693 1.1023622 0.5915354 1.1023622 0 P 0
L 0.581693 1.4045276 0.5915354 1.4045276 0 P 0
L 0.5866142 -0.0324803 0.5866142 -0.0226379 0 P 0
L 0.5866142 0.3021654 0.5866142 0.3120078 0 P 0
L 0.5866142 0.8809056 0.5866142 0.890748 0 P 0
L 0.5866142 0.9163386 0.5866142 0.926181 0 P 0
L 0.5866142 1.097441 0.5866142 1.1072834 0 P 0
L 0.5866142 1.3996064 0.5866142 1.4094488 0 P 0
L 0.613189 1.4527559 0.6230314 1.4527559 0 P 0
L 0.613189 1.5748031 0.6230314 1.5748031 0 P 0
L 0.6181102 1.4478347 0.6181102 1.4576771 0 P 0
L 0.6181102 1.5698819 0.6181102 1.5797243 0 P 0
L 0.6250001 0.9566929 0.6348425 0.9566929 0 P 0
L 0.6299213 0.9517717 0.6299213 0.9616141 0 P 0
L 0.6368111 1.4173228 0.6466535 1.4173228 0 P 0
L 0.6417323 1.4124016 0.6417323 1.422244 0 P 0
L 0.6478583 1.5493307 0.6577007 1.5493307 0 P 0
L 0.6525591 0.007874 0.6624015 0.007874 0 P 0
L 0.6525591 0.7913386 0.6624015 0.7913386 0 P 0
L 0.6527795 1.5444095 0.6527795 1.5542519 0 P 0
L 0.6574803 0.0029528 0.6574803 0.0127952 0 P 0
L 0.6574803 0.7864174 0.6574803 0.7962598 0 P 0
L 0.6722245 1.3307087 0.6821063 1.3307087 0 P 0
L 0.6771654 1.3257678 0.6771654 1.3356496 0 P 0
L 0.6840354 1.2383859 0.6939172 1.2383859 0 P 0
L 0.6840552 0.8779528 0.6938976 0.8779528 0 P 0
L 0.6889763 1.233445 0.6889763 1.2433268 0 P 0
L 0.6889764 0.8730316 0.6889764 0.882874 0 P 0
L 0.6900788 1.0401339 0.6999212 1.0401339 0 P 0
L 0.6919292 0.6259843 0.7017716 0.6259843 0 P 0
L 0.695 1.0352127 0.695 1.0450551 0 P 0
L 0.6968504 0.6210631 0.6968504 0.6309055 0 P 0
L 0.7037402 0.9606299 0.7135826 0.9606299 0 P 0
L 0.705689 1.2746064 0.7155708 1.2746064 0 P 0
L 0.7063311 -0.0866142 0.7161735 -0.0866142 0 P 0
L 0.7086614 0.9557087 0.7086614 0.9655511 0 P 0
L 0.7106299 1.2696655 0.7106299 1.2795473 0 P 0
L 0.7112523 -0.0915354 0.7112523 -0.081693 0 P 0
L 0.7194882 -0.2086614 0.7293306 -0.2086614 0 P 0
L 0.7234253 1.523622 0.7332677 1.523622 0 P 0
L 0.7244094 -0.2135826 0.7244094 -0.2037402 0 P 0
L 0.7283465 1.5187008 0.7283465 1.5285432 0 P 0
L 0.7301078 0.7797349 0.7399502 0.7797349 0 P 0
L 0.7321637 0.4307282 0.7420061 0.4307282 0 P 0
L 0.735029 0.7748137 0.735029 0.7846561 0 P 0
L 0.7370849 0.425807 0.7370849 0.4356494 0 P 0
